Rk,G,Date,Age,Tm,,Opp,,GS,MP,FG,FGA,FG%,3P,3PA,3P%,FT,FTA,FT%,ORB,DRB,TRB,AST,STL,BLK,TOV,PF,PTS,GmSc,+/-
1,1,2010-10-27,21-225,LAC,,POR,L (-10),1,38:36,8,14,.571,0,0,,4,6,.667,9,5,14,4,1,0,2,4,20,20.6,-9
2,2,2010-10-29,21-227,LAC,@,GSW,L (-18),1,29:13,6,14,.429,0,0,,2,5,.400,6,4,10,3,1,0,4,5,14,7.9,-20
3,3,2010-10-31,21-229,LAC,,DAL,L (-16),1,32:19,4,15,.267,0,1,.000,8,12,.667,4,5,9,0,2,0,3,2,16,8.0,-27
4,4,2010-11-01,21-230,LAC,,SAS,L (-9),1,39:01,7,13,.538,0,0,,3,7,.429,2,6,8,1,0,1,1,1,17,12.3,-2
5,5,2010-11-03,21-232,LAC,,OKC,W (+15),1,32:26,7,12,.583,0,0,,4,10,.400,4,5,9,0,0,0,2,2,18,11.5,-2
6,6,2010-11-05,21-234,LAC,@,DEN,L (-7),1,33:34,11,18,.611,0,0,,4,4,1.000,5,5,10,3,0,0,1,1,26,23.5,-5
7,7,2010-11-06,21-235,LAC,@,UTA,L (-2),1,36:59,5,10,.500,0,0,,6,8,.750,3,14,17,2,1,0,5,6,16,11.5,+8
8,8,2010-11-09,21-238,LAC,@,NOH,L (-19),1,30:06,4,9,.444,0,0,,2,3,.667,1,5,6,0,0,0,1,4,10,4.5,-26
9,9,2010-11-10,21-239,LAC,@,SAS,L (-12),1,38:12,5,18,.278,0,0,,1,2,.500,2,6,8,3,3,1,2,1,11,6.6,-15
10,10,2010-11-12,21-241,LAC,,DET,L (-6),1,43:44,8,15,.533,0,0,,2,5,.400,2,16,18,4,1,2,3,4,18,16.3,-10
11,11,2010-11-15,21-244,LAC,,NJN,L (-14),1,30:01,5,8,.625,0,0,,1,4,.250,3,0,3,1,0,0,3,5,11,4.0,-18
12,12,2010-11-17,21-246,LAC,@,MIN,L (-2),1,36:43,12,22,.545,0,0,,2,5,.400,7,10,17,2,0,0,2,3,26,20.3,-5
13,13,2010-11-18,21-247,LAC,@,IND,L (-27),1,29:09,6,13,.462,0,0,,0,3,.000,2,6,8,0,0,0,1,0,12,6.3,-10
14,14,2010-11-20,21-249,LAC,,NYK,L (-9),1,38:55,14,24,.583,0,0,,16,23,.696,4,11,15,7,2,1,4,4,44,38.1,-13
15,15,2010-11-22,21-251,LAC,,NOH,W (+4),1,38:33,9,15,.600,0,0,,6,14,.429,4,9,13,4,0,2,2,2,24,20.8,+10
16,16,2010-11-25,21-254,LAC,,SAC,W (+18),1,35:08,7,11,.636,0,0,,11,15,.733,4,11,15,5,1,0,4,4,25,23.5,+21
17,17,2010-11-26,21-255,LAC,@,PHO,L (-8),1,37:28,9,17,.529,0,0,,2,4,.500,1,13,14,1,0,2,3,2,20,13.8,-8
18,18,2010-11-28,21-257,LAC,,UTA,L (-12),1,39:06,13,21,.619,0,0,,9,12,.750,5,9,14,7,0,0,4,2,35,30.6,-6
19,19,2010-12-01,21-260,LAC,,SAS,W (+5),1,39:48,14,21,.667,0,0,,3,6,.500,3,10,13,4,2,1,3,2,31,27.5,+7
20,20,2010-12-03,21-262,LAC,@,DEN,L (-5),1,40:51,7,18,.389,0,0,,3,5,.600,3,9,12,3,0,2,5,5,17,7.7,-1
21,21,2010-12-05,21-264,LAC,@,POR,L (-9),1,39:40,7,14,.500,0,0,,7,16,.438,7,8,15,2,2,0,1,2,21,19.3,+1
22,22,2010-12-06,21-265,LAC,,SAC,W (+7),1,32:32,5,12,.417,0,0,,3,4,.750,5,6,11,7,1,2,5,2,13,13.0,+12
23,23,2010-12-08,21-267,LAC,,LAL,L (-1),1,33:37,6,17,.353,0,0,,4,6,.667,1,10,11,2,1,1,4,3,16,7.3,-10
24,24,2010-12-11,21-270,LAC,,MEM,L (-1),1,39:01,9,18,.500,0,0,,1,2,.500,3,8,11,5,1,1,3,4,19,14.7,0
25,25,2010-12-12,21-271,LAC,,ORL,L (-9),1,42:08,11,23,.478,0,0,,5,11,.455,7,9,16,5,1,1,0,4,27,24.1,-7
26,26,2010-12-15,21-274,LAC,@,PHI,L (-14),1,39:08,6,16,.375,0,0,,8,11,.727,5,13,18,5,1,1,2,2,20,19.8,-17
27,27,2010-12-17,21-276,LAC,@,DET,W (+21),1,38:19,11,17,.647,0,0,,2,6,.333,4,13,17,3,1,0,4,1,24,20.3,+27
28,28,2010-12-18,21-277,LAC,@,CHI,W (+1),1,38:38,10,18,.556,1,1,1.000,8,12,.667,2,10,12,4,0,0,3,5,29,21.0,+5
29,29,2010-12-20,21-279,LAC,,MIN,W (+23),1,35:42,9,12,.750,0,0,,4,8,.500,1,9,10,7,1,0,2,2,22,22.1,+16
30,30,2010-12-22,21-281,LAC,,HOU,L (-5),1,38:02,8,20,.400,1,2,.500,7,10,.700,5,13,18,2,2,1,2,3,24,20.3,+7
31,31,2010-12-26,21-285,LAC,,PHO,W (+5),1,37:34,8,11,.727,0,0,,12,16,.750,4,8,12,4,0,0,3,6,28,24.5,+10
32,32,2010-12-27,21-286,LAC,@,SAC,W (+1),1,40:25,9,15,.600,1,1,1.000,5,7,.714,3,11,14,4,0,1,5,3,24,19.0,-3
33,33,2010-12-29,21-288,LAC,,UTA,L (-8),1,42:51,13,20,.650,1,1,1.000,3,8,.375,6,6,12,2,0,1,2,2,30,24.5,-2
34,34,2011-01-02,21-292,LAC,,ATL,L (-9),1,42:39,11,22,.500,0,0,,9,14,.643,5,10,15,3,0,1,1,2,31,25.5,-8
35,35,2011-01-05,21-295,LAC,,DEN,W (+13),1,37:16,8,18,.444,0,0,,6,9,.667,5,13,18,7,0,1,3,4,22,19.8,+23
36,36,2011-01-09,21-299,LAC,,GSW,W (+14),1,38:18,7,16,.438,0,0,,9,11,.818,4,8,12,3,1,1,2,3,23,19.6,+17
37,37,2011-01-12,21-302,LAC,,MIA,W (+6),1,43:13,9,18,.500,0,1,.000,6,9,.667,1,13,14,6,1,1,3,1,24,20.9,+4
38,38,2011-01-14,21-304,LAC,@,GSW,L (-10),1,39:18,12,20,.600,0,0,,4,6,.667,5,8,13,3,1,0,2,1,28,24.6,-17
39,39,2011-01-16,21-306,LAC,,LAL,W (+7),1,38:08,7,20,.350,0,1,.000,4,7,.571,2,13,15,3,0,0,3,4,18,8.4,+8
40,40,2011-01-17,21-307,LAC,,IND,W (+7),1,36:56,19,24,.792,0,0,,9,11,.818,3,11,14,3,0,1,4,3,47,40.0,+17
41,41,2011-01-19,21-309,LAC,,MIN,W (+15),1,31:20,10,21,.476,1,1,1.000,8,13,.615,5,3,8,6,0,0,3,4,29,20.3,+8
42,42,2011-01-20,21-310,LAC,@,POR,L (-15),1,44:37,6,17,.353,0,0,,8,13,.615,4,14,18,4,2,0,5,3,20,14.1,-13
43,43,2011-01-22,21-312,LAC,,GSW,W (+4),1,41:26,10,16,.625,1,1,1.000,9,10,.900,5,13,18,8,0,0,4,4,30,29.8,+7
44,44,2011-01-25,21-315,LAC,@,DAL,L (-7),1,35:23,7,16,.438,0,0,,8,14,.571,3,8,11,4,0,0,3,2,22,14.7,-11
45,45,2011-01-26,21-316,LAC,@,HOU,L (-13),1,37:07,5,16,.313,0,0,,4,5,.800,4,7,11,2,0,1,3,3,14,7.2,-14
46,46,2011-01-29,21-319,LAC,,CHA,W (+15),1,40:49,11,23,.478,0,1,.000,2,5,.400,3,7,10,3,2,0,2,3,24,16.2,+26
47,47,2011-01-31,21-321,LAC,,MIL,W (+7),1,40:34,13,20,.650,0,0,,6,6,1.000,4,7,11,6,1,0,2,5,32,29.3,+13
48,48,2011-02-02,21-323,LAC,,CHI,L (-18),1,41:01,14,26,.538,0,1,.000,4,13,.308,2,11,13,7,0,1,0,2,32,25.3,-9
49,49,2011-02-04,21-325,LAC,@,ATL,L (-1),1,39:20,8,18,.444,0,0,,3,6,.500,3,8,11,2,0,0,4,2,19,9.5,-4
50,50,2011-02-06,21-327,LAC,@,MIA,L (-18),1,38:26,7,17,.412,0,0,,7,13,.538,7,9,16,2,0,0,2,3,21,15.3,-10
51,51,2011-02-08,21-329,LAC,@,ORL,L (-16),1,35:20,4,12,.333,0,0,,2,4,.500,3,9,12,1,1,0,3,2,10,5.1,-6
52,52,2011-02-09,21-330,LAC,@,NYK,W (+8),1,36:50,10,17,.588,0,0,,1,2,.500,2,4,6,2,1,0,5,1,21,12.3,+7
53,53,2011-02-11,21-332,LAC,@,CLE,L (-7),1,44:22,11,26,.423,1,1,1.000,9,10,.900,4,9,13,2,2,0,3,4,32,22.1,-4
54,54,2011-02-13,21-334,LAC,@,TOR,L (-5),1,36:21,7,13,.538,0,0,,7,10,.700,2,13,15,2,0,0,1,5,21,17.2,-10
55,55,2011-02-14,21-335,LAC,@,MIL,L (-24),1,40:58,7,19,.368,0,1,.000,5,7,.714,2,10,12,6,1,0,3,3,19,13.1,-9
56,56,2011-02-16,21-337,LAC,@,MIN,W (+8),1,45:34,12,20,.600,0,1,.000,5,7,.714,2,6,8,5,0,1,3,4,29,21.8,+9
57,57,2011-02-22,21-343,LAC,@,OKC,L (-23),1,32:59,9,15,.600,0,0,,10,17,.588,4,7,11,8,0,0,2,4,28,25.2,+3
58,58,2011-02-23,21-344,LAC,@,NOH,L (-11),1,43:12,8,17,.471,0,1,.000,5,8,.625,2,11,13,3,0,2,4,5,21,13.3,-11
59,59,2011-02-25,21-346,LAC,@,LAL,L (-13),1,37:32,7,18,.389,0,0,,8,10,.800,3,7,10,2,0,1,0,3,22,16.5,-9
60,60,2011-02-26,21-347,LAC,,BOS,L (-7),1,41:23,7,14,.500,0,0,,7,8,.875,2,9,11,4,1,0,2,4,21,17.9,-13
61,61,2011-02-28,21-349,LAC,@,SAC,L (-6),1,35:36,9,17,.529,0,0,,9,12,.750,6,6,12,4,1,0,3,2,27,23.5,+5
62,62,2011-03-02,21-351,LAC,,HOU,W (+3),1,34:25,7,12,.583,0,1,.000,6,6,1.000,1,13,14,5,1,0,2,5,20,19.5,+10
63,63,2011-03-05,21-354,LAC,,DEN,W (+6),1,42:01,4,10,.400,0,0,,10,11,.909,2,10,12,9,2,1,3,1,18,22.2,+8
64,64,2011-03-07,21-356,LAC,@,CHA,W (+5),1,37:16,5,11,.455,0,0,,7,8,.875,4,11,15,3,0,0,3,2,17,15.3,0
65,65,2011-03-09,21-358,LAC,@,BOS,W (+5),1,37:19,4,14,.286,0,1,.000,4,4,1.000,2,5,7,5,2,0,2,4,12,8.6,+2
66,66,2011-03-11,21-360,LAC,@,NJN,L (-4),1,43:05,9,18,.500,0,0,,5,8,.625,2,7,9,0,1,1,2,3,23,14.8,-13
67,67,2011-03-12,21-361,LAC,@,WAS,W (+21),1,29:52,8,17,.471,0,1,.000,10,11,.909,1,4,5,2,0,2,2,1,26,19.2,+18
68,68,2011-03-14,21-363,LAC,@,MEM,L (-23),1,31:37,4,10,.400,0,0,,0,3,.000,2,7,9,1,0,0,3,3,8,1.4,-12
69,69,2011-03-16,22-000,LAC,,PHI,L (-10),1,36:17,3,12,.250,0,0,,8,15,.533,0,8,8,2,0,2,3,6,14,3.8,-23
70,70,2011-03-19,22-003,LAC,,CLE,W (+8),1,37:44,12,21,.571,0,1,.000,6,6,1.000,1,7,8,8,0,0,3,2,30,24.7,+4
71,71,2011-03-20,22-004,LAC,,PHO,L (-9),1,33:31,6,18,.333,0,0,,5,6,.833,0,2,2,3,0,2,2,6,17,6.1,-6
72,72,2011-03-23,22-007,LAC,,WAS,W (+8),1,51:28,14,19,.737,0,1,.000,5,8,.625,4,13,17,10,1,1,5,6,33,32.1,+12
73,73,2011-03-25,22-009,LAC,@,LAL,L (-8),1,37:18,9,16,.563,0,0,,4,6,.667,0,6,6,4,2,0,2,3,22,17.0,-12
74,74,2011-03-26,22-010,LAC,,TOR,W (+4),1,39:24,9,23,.391,0,1,.000,4,9,.444,3,13,16,5,1,0,2,3,22,14.8,+9
75,75,2011-03-30,22-014,LAC,,DAL,L (-6),1,36:57,10,14,.714,0,1,.000,5,8,.625,2,15,17,3,3,0,3,4,25,24.4,-4
76,76,2011-04-01,22-016,LAC,@,PHO,L (-13),1,33:10,6,15,.400,0,0,,8,10,.800,4,9,13,4,0,0,4,1,20,15.0,-11
77,77,2011-04-02,22-017,LAC,,OKC,W (+6),1,41:48,7,16,.438,0,0,,12,18,.667,2,14,16,3,2,0,3,4,26,20.3,+6
78,78,2011-04-05,22-020,LAC,@,MEM,W (+1),1,39:35,6,15,.400,0,0,,3,6,.500,3,11,14,2,3,0,6,4,15,7.9,-5
79,79,2011-04-06,22-021,LAC,@,OKC,L (-4),1,38:05,15,20,.750,0,0,,5,8,.625,3,8,11,6,1,1,0,2,35,35.4,-8
80,80,2011-04-08,22-023,LAC,@,DAL,L (-11),1,40:29,11,19,.579,0,0,,1,5,.200,3,6,9,6,2,1,2,3,23,20.1,-8
81,81,2011-04-09,22-024,LAC,@,HOU,L (-21),1,36:12,6,18,.333,0,0,,1,2,.500,4,6,10,4,1,1,1,0,13,10.5,-23
82,82,2011-04-13,22-028,LAC,,MEM,W (+7),1,40:30,13,21,.619,0,1,.000,5,7,.714,3,7,10,10,1,1,4,5,31,27.6,+2
1,1,2011-12-25,22-284,LAC,@,GSW,W (+19),1,34:44,9,18,.500,0,0,,4,8,.500,5,2,7,1,2,0,3,4,22,13.6,+17
2,2,2011-12-28,22-287,LAC,@,SAS,L (-25),1,33:48,11,19,.579,0,0,,6,8,.750,3,6,9,2,0,0,1,2,28,21.8,-37
3,3,2011-12-30,22-289,LAC,,CHI,L (-13),1,41:33,14,25,.560,0,0,,6,10,.600,6,7,13,3,1,0,2,1,34,27.5,-9
4,4,2012-01-01,22-291,LAC,,POR,W (+5),1,37:02,6,11,.545,0,0,,8,10,.800,1,9,10,4,1,0,5,4,20,14.5,+2
5,5,2012-01-04,22-294,LAC,,HOU,W (+28),1,32:25,10,15,.667,0,0,,2,5,.400,1,8,9,3,2,1,2,2,22,19.4,+20
6,6,2012-01-07,22-297,LAC,,MIL,W (+6),1,39:55,8,15,.533,0,0,,6,11,.545,3,11,14,1,1,2,5,2,22,15.4,+10
7,7,2012-01-10,22-300,LAC,@,POR,L (-8),1,38:06,9,17,.529,0,0,,0,2,.000,5,7,12,2,1,0,3,5,18,11.9,-1
8,8,2012-01-11,22-301,LAC,,MIA,W (+6),1,40:55,9,23,.391,1,1,1.000,1,4,.250,4,8,12,2,1,1,2,5,20,10.6,+9
9,9,2012-01-14,22-304,LAC,,LAL,W (+8),1,44:41,9,18,.500,0,0,,4,7,.571,3,11,14,5,1,0,3,5,22,16.7,+10
10,10,2012-01-16,22-306,LAC,,NJN,W (+10),1,39:43,9,15,.600,0,0,,5,13,.385,6,8,14,3,1,1,4,4,23,17.7,+18
11,11,2012-01-17,22-307,LAC,@,UTA,L (-29),1,27:04,5,12,.417,0,0,,0,0,,3,8,11,3,0,1,1,2,10,9.1,-14
12,12,2012-01-18,22-308,LAC,,DAL,W (+2),1,38:47,6,15,.400,0,0,,2,8,.250,5,12,17,7,1,1,3,5,14,12.2,+10
13,13,2012-01-20,22-310,LAC,,MIN,L (-3),1,37:46,7,17,.412,0,0,,7,11,.636,2,8,10,2,1,0,5,3,21,10.3,-6
14,14,2012-01-22,22-312,LAC,,TOR,W (+12),1,30:49,6,11,.545,0,0,,6,14,.429,0,9,9,3,1,1,3,1,18,12.6,+20
15,15,2012-01-25,22-315,LAC,@,LAL,L (-5),1,32:51,13,22,.591,0,0,,0,2,.000,6,3,9,0,0,0,4,4,26,14.5,+2
16,16,2012-01-26,22-316,LAC,,MEM,W (+7),1,40:18,8,14,.571,0,1,.000,4,8,.500,1,8,9,8,0,2,3,2,20,18.1,+5
17,17,2012-01-29,22-319,LAC,@,DEN,W (+4),1,40:26,7,16,.438,0,0,,3,6,.500,4,9,13,3,0,4,2,2,17,15.0,+21
18,18,2012-01-30,22-320,LAC,,OKC,W (+12),1,36:15,9,16,.563,0,0,,4,7,.571,2,5,7,2,2,2,3,3,22,16.7,+10
19,19,2012-02-01,22-322,LAC,@,UTA,W (+2),1,36:43,14,22,.636,0,0,,3,5,.600,3,11,14,2,1,3,1,5,31,27.3,+9
20,20,2012-02-02,22-323,LAC,,DEN,L (-21),1,32:03,9,12,.750,0,0,,0,2,.000,1,4,5,2,1,1,2,3,18,14.2,-14
21,21,2012-02-04,22-325,LAC,@,WAS,W (+26),1,31:35,10,15,.667,0,0,,1,7,.143,1,10,11,8,2,1,4,3,21,18.9,+34
22,22,2012-02-06,22-327,LAC,@,ORL,W (+5),1,45:16,6,11,.545,0,0,,6,7,.857,1,9,10,3,1,1,1,2,18,17.7,-3
23,23,2012-02-08,22-329,LAC,@,CLE,L (-7),1,37:25,8,16,.500,0,0,,9,10,.900,5,10,15,1,1,0,1,6,25,21.4,-1
24,24,2012-02-10,22-331,LAC,@,PHI,W (+1),1,39:53,8,19,.421,0,0,,0,2,.000,4,7,11,4,1,0,1,2,16,12.0,-2
25,25,2012-02-11,22-332,LAC,@,CHA,W (+25),1,30:50,7,14,.500,0,0,,7,8,.875,2,8,10,3,0,1,2,0,21,18.2,+30
26,26,2012-02-13,22-334,LAC,@,DAL,L (-4),1,39:31,9,17,.529,0,0,,2,9,.222,1,6,7,2,0,0,4,3,20,7.6,-3
27,27,2012-02-15,22-336,LAC,,WAS,W (+18),1,34:23,10,19,.526,0,0,,3,5,.600,8,7,15,3,1,0,1,3,23,21.5,+17
28,28,2012-02-16,22-337,LAC,@,POR,W (+3),1,36:54,9,15,.600,0,0,,3,4,.750,4,10,14,1,0,1,3,5,21,15.9,+1
29,29,2012-02-18,22-339,LAC,,SAS,L (-3),1,43:04,9,18,.500,0,0,,4,6,.667,7,13,20,2,0,0,1,6,22,19.0,+10
30,30,2012-02-20,22-341,LAC,@,GSW,L (-7),1,28:50,7,10,.700,0,1,.000,7,10,.700,2,7,9,2,0,0,2,5,21,16.5,-12
31,31,2012-02-22,22-343,LAC,,DEN,W (+8),1,36:36,11,18,.611,0,1,.000,5,10,.500,3,9,12,5,1,0,0,4,27,24.5,+19
32,32,2012-02-28,22-349,LAC,,MIN,L (-12),1,37:13,10,19,.526,0,1,.000,10,14,.714,1,6,7,4,1,0,3,2,30,21.6,-2
33,33,2012-03-01,22-351,LAC,@,SAC,W (+8),1,30:01,7,12,.583,0,0,,0,0,,2,7,9,3,1,0,2,0,14,13.0,+14
34,34,2012-03-02,22-352,LAC,@,PHO,L (-3),1,36:56,6,19,.316,0,0,,5,5,1.000,0,7,7,1,1,2,0,3,17,10.1,-7
35,35,2012-03-04,22-354,LAC,@,HOU,W (+2),1,38:06,5,14,.357,0,0,,4,7,.571,4,7,11,3,2,1,4,1,14,10.3,-8
36,36,2012-03-05,22-355,LAC,@,MIN,L (-1),1,38:27,10,18,.556,0,0,,6,13,.462,6,6,12,3,0,1,2,4,26,19.8,+4
37,37,2012-03-07,22-357,LAC,@,NJN,L (-1),1,39:29,9,15,.600,0,0,,10,17,.588,6,11,17,2,2,1,2,2,28,27.1,-1
38,38,2012-03-09,22-359,LAC,@,SAS,W (+12),1,35:23,7,14,.500,0,0,,1,3,.333,3,6,9,2,0,0,3,4,15,7.9,+5
39,39,2012-03-11,22-361,LAC,,GSW,L (-4),1,37:40,10,19,.526,0,1,.000,7,15,.467,5,7,12,3,0,2,3,3,27,19.4,-16
40,40,2012-03-12,22-362,LAC,,BOS,L (-9),1,35:05,9,15,.600,0,1,.000,6,8,.750,3,6,9,4,0,1,2,4,24,20.1,-9
41,41,2012-03-14,22-364,LAC,,ATL,W (+14),1,33:22,5,9,.556,0,0,,2,4,.500,2,8,10,4,0,0,3,3,12,9.3,+15
42,42,2012-03-15,22-365,LAC,,PHO,L (-4),1,33:31,12,18,.667,0,1,.000,1,4,.250,1,7,8,4,0,1,3,3,25,18.1,-9
43,43,2012-03-17,23-001,LAC,,HOU,W (+4),1,30:40,7,13,.538,0,0,,4,6,.667,3,5,8,4,2,0,0,6,18,16.9,+6
44,44,2012-03-18,23-002,LAC,,DET,W (+4),1,39:20,7,13,.538,0,1,.000,3,7,.429,2,9,11,1,1,1,3,5,17,10.6,+8
45,45,2012-03-20,23-004,LAC,@,IND,L (-13),1,34:33,10,18,.556,1,1,1.000,2,7,.286,4,6,10,1,0,0,1,3,23,15.5,0
46,46,2012-03-21,23-005,LAC,@,OKC,L (-23),1,32:55,3,11,.273,0,0,,1,2,.500,1,6,7,3,1,0,0,4,7,4.1,-16
47,47,2012-03-22,23-006,LAC,@,NOH,L (-7),1,36:04,7,19,.368,0,0,,7,13,.538,6,5,11,2,2,0,2,4,21,13.6,-3
48,48,2012-03-24,23-008,LAC,,MEM,W (+16),1,34:15,6,9,.667,0,0,,8,12,.667,3,7,10,5,1,1,3,2,20,20.1,+20
49,49,2012-03-26,23-010,LAC,,NOH,W (+12),1,32:50,8,10,.800,0,0,,4,9,.444,2,5,7,5,2,0,0,4,20,21.0,+14
50,50,2012-03-28,23-012,LAC,,PHO,W (+17),1,34:11,13,19,.684,0,1,.000,1,3,.333,4,10,14,5,1,1,4,4,27,23.5,+11
51,51,2012-03-30,23-014,LAC,,POR,W (+1),1,39:31,8,14,.571,0,0,,4,8,.500,3,10,13,3,0,0,1,4,20,16.4,+17
52,52,2012-03-31,23-015,LAC,,UTA,W (+9),1,37:03,10,16,.625,0,0,,4,8,.500,0,8,8,6,1,1,5,2,24,17.7,+17
53,53,2012-04-02,23-017,LAC,@,DAL,W (+19),1,33:25,7,11,.636,0,0,,1,5,.200,3,13,16,1,0,1,1,3,15,13.7,+18
54,54,2012-04-04,23-019,LAC,,LAL,L (-5),1,36:12,7,16,.438,0,0,,1,3,.333,7,7,14,1,0,0,1,3,15,11.3,-16
55,55,2012-04-05,23-020,LAC,@,SAC,W (+8),1,38:14,7,11,.636,0,0,,0,4,.000,3,6,9,3,0,1,1,3,14,12.0,-1
56,56,2012-04-07,23-022,LAC,,SAC,W (+15),1,35:12,12,15,.800,0,1,.000,3,9,.333,2,12,14,4,2,0,3,3,27,24.5,+23
57,57,2012-04-09,23-024,LAC,@,MEM,L (-9),1,37:04,9,14,.643,0,1,.000,1,3,.333,1,5,6,3,1,0,2,3,19,14.1,-4
58,58,2012-04-11,23-026,LAC,@,OKC,W (+2),1,35:15,6,15,.400,0,0,,4,5,.800,3,9,12,7,1,1,2,2,16,16.1,+1
59,59,2012-04-12,23-027,LAC,@,MIN,W (+13),1,36:21,9,16,.563,0,0,,1,5,.200,8,5,13,5,1,1,0,4,19,20.5,+23
60,60,2012-04-14,23-029,LAC,,GSW,W (+8),1,34:24,9,14,.643,0,1,.000,2,8,.250,3,6,9,3,1,1,1,2,20,17.3,+11
61,61,2012-04-16,23-031,LAC,,OKC,W (+15),1,34:44,7,15,.467,0,0,,3,5,.600,2,9,11,6,0,4,4,4,17,14.0,+20
62,62,2012-04-18,23-033,LAC,@,DEN,W (+6),1,29:54,5,12,.417,0,0,,2,6,.333,4,3,7,5,2,0,4,5,12,7.2,+3
63,63,2012-04-19,23-034,LAC,@,PHO,L (-3),1,37:28,7,17,.412,0,1,.000,2,4,.500,5,6,11,1,0,1,2,2,16,10.0,-3
64,64,2012-04-22,23-037,LAC,,NOH,W (+9),1,38:07,7,10,.700,0,0,,7,9,.778,6,9,15,2,1,0,1,3,21,23.1,+8
65,65,2012-04-24,23-039,LAC,@,ATL,L (-7),1,37:37,17,23,.739,0,0,,2,4,.500,5,3,8,3,0,1,4,5,36,27.1,+13
66,66,2012-04-25,23-040,LAC,@,NYK,L (-6),1,41:13,11,14,.786,0,1,.000,7,14,.500,3,7,10,6,2,0,1,4,29,28.6,+5
1,1,2012-10-31,23-229,LAC,,MEM,W (+9),1,32:09,4,10,.400,0,0,,3,5,.600,2,5,7,2,0,1,4,4,11,4.2,+4
2,2,2012-11-02,23-231,LAC,@,LAL,W (+10),1,33:07,6,15,.400,0,1,.000,3,5,.600,3,5,8,3,2,0,4,6,15,7.4,+15
3,3,2012-11-03,23-232,LAC,,GSW,L (-4),1,37:58,4,12,.333,0,0,,11,16,.688,2,9,11,4,3,0,2,5,19,16.1,+3
4,4,2012-11-05,23-234,LAC,,CLE,L (-7),1,35:24,9,14,.643,0,1,.000,2,2,1.000,0,6,6,5,1,3,5,2,20,16.4,-11
5,5,2012-11-07,23-236,LAC,,SAS,W (+22),1,29:56,10,16,.625,0,0,,2,3,.667,0,10,10,3,0,1,2,2,22,17.4,+29
6,6,2012-11-08,23-237,LAC,@,POR,W (+13),1,25:31,3,9,.333,0,0,,1,4,.250,0,10,10,4,3,0,2,3,7,6.3,+2
7,7,2012-11-11,23-240,LAC,,ATL,W (+13),1,30:07,7,11,.636,0,0,,2,2,1.000,1,5,6,4,1,0,3,1,16,13.7,+5
8,8,2012-11-14,23-243,LAC,,MIA,W (+7),1,30:10,8,16,.500,0,0,,4,6,.667,4,10,14,6,0,2,3,2,20,18.8,+8
9,9,2012-11-17,23-246,LAC,,CHI,W (+21),1,33:02,11,18,.611,0,0,,4,5,.800,2,8,10,2,2,0,4,3,26,19.4,+16
10,10,2012-11-19,23-248,LAC,@,SAS,W (+5),1,34:24,8,18,.444,0,0,,0,4,.000,3,9,12,0,1,0,3,1,16,7.4,-3
11,11,2012-11-21,23-250,LAC,@,OKC,L (-6),1,38:48,9,16,.563,0,0,,5,8,.625,2,4,6,1,3,1,3,5,23,16.2,-12
12,12,2012-11-23,23-252,LAC,@,BRK,L (-10),1,36:58,5,10,.500,0,0,,4,8,.500,2,6,8,3,0,2,2,0,14,12.1,-8
13,13,2012-11-24,23-253,LAC,@,ATL,L (-11),1,33:38,9,17,.529,0,0,,4,6,.667,2,9,11,7,0,0,2,5,22,17.9,-16
14,14,2012-11-26,23-255,LAC,,NOH,L (-7),1,34:48,1,9,.111,0,1,.000,2,3,.667,0,6,6,3,1,0,4,6,4,-3.8,-6
15,15,2012-11-28,23-257,LAC,,MIN,W (+6),1,32:46,9,17,.529,0,0,,0,0,,2,4,6,3,2,0,1,5,18,13.4,+11
16,16,2012-12-01,23-260,LAC,,SAC,W (+35),1,28:38,5,10,.500,0,0,,4,5,.800,1,8,9,2,1,0,0,2,14,13.3,+20
17,17,2012-12-03,23-262,LAC,@,UTA,W (+1),1,36:38,14,20,.700,0,1,.000,2,3,.667,1,10,11,1,1,0,0,2,30,25.8,-11
18,18,2012-12-05,23-264,LAC,,DAL,W (+22),1,28:13,8,13,.615,0,1,.000,3,4,.750,3,10,13,5,2,1,2,2,19,21.2,+16
19,19,2012-12-08,23-267,LAC,,PHO,W (+18),1,28:55,10,17,.588,0,0,,4,10,.400,3,5,8,4,4,1,1,2,24,23.0,0
20,20,2012-12-09,23-268,LAC,,TOR,W (+19),1,29:10,7,11,.636,0,0,,5,6,.833,2,7,9,4,3,0,0,1,19,22.6,+2
21,21,2012-12-11,23-270,LAC,@,CHI,W (+5),1,37:25,10,19,.526,1,2,.500,1,2,.500,4,6,10,3,1,0,0,1,22,19.6,+8
22,22,2012-12-12,23-271,LAC,@,CHA,W (+6),1,37:44,9,17,.529,0,0,,1,5,.200,2,3,5,3,0,2,2,2,19,12.1,+2
23,23,2012-12-15,23-274,LAC,@,MIL,W (+26),1,27:29,7,12,.583,0,0,,4,5,.800,3,8,11,1,2,0,0,0,18,19.2,+14
24,24,2012-12-17,23-276,LAC,@,DET,W (+12),1,28:18,6,11,.545,0,0,,3,4,.750,2,2,4,3,2,1,0,4,15,14.5,+8
25,25,2012-12-19,23-278,LAC,,NOH,W (+16),1,28:34,7,12,.583,0,1,.000,4,5,.800,2,2,4,2,1,0,0,1,18,16.0,+18
26,26,2012-12-21,23-280,LAC,,SAC,W (+12),1,35:25,9,16,.563,0,1,.000,3,5,.600,2,11,13,2,2,2,2,2,21,19.3,+13
27,27,2012-12-23,23-282,LAC,@,PHO,W (+26),1,32:02,8,12,.667,1,1,1.000,6,6,1.000,2,9,11,3,4,1,1,2,23,26.9,+33
28,28,2012-12-25,23-284,LAC,,DEN,W (+12),1,25:45,6,12,.500,0,0,,1,2,.500,3,3,6,6,1,1,1,3,13,13.3,+1
29,29,2012-12-27,23-286,LAC,,BOS,W (+29),1,26:19,6,11,.545,0,0,,3,7,.429,3,5,8,1,1,0,2,2,15,10.6,+21
30,30,2012-12-28,23-287,LAC,@,UTA,W (+2),1,39:20,7,10,.700,0,0,,8,9,.889,2,11,13,3,1,0,3,5,22,20.2,+14
31,31,2012-12-30,23-289,LAC,,UTA,W (+11),1,25:45,3,5,.600,0,0,,1,5,.200,1,6,7,3,0,0,2,5,7,3.7,+13
32,32,2013-01-01,23-291,LAC,@,DEN,L (-14),1,28:29,4,11,.364,0,0,,4,7,.571,3,6,9,2,1,0,1,5,12,8.0,-4
33,33,2013-01-02,23-292,LAC,@,GSW,L (-21),1,35:24,2,11,.182,0,1,.000,6,10,.600,0,6,6,2,3,2,2,3,10,5.9,-21
34,34,2013-01-04,23-294,LAC,,LAL,W (+5),1,28:40,9,16,.563,1,1,1.000,5,7,.714,1,4,5,2,1,0,2,4,24,16.3,-9
35,35,2013-01-05,23-295,LAC,,GSW,W (+26),1,29:41,8,12,.667,0,0,,4,7,.571,0,5,5,7,3,0,2,2,20,20.2,+39
36,36,2013-01-09,23-299,LAC,,DAL,W (+6),1,33:37,6,13,.462,0,0,,3,4,.750,5,8,13,1,3,1,6,3,15,11.0,0
37,37,2013-01-12,23-302,LAC,,ORL,L (-3),1,35:24,15,22,.682,0,1,.000,0,0,,1,7,8,7,0,1,1,1,30,27.6,+3
38,38,2013-01-14,23-304,LAC,@,MEM,W (+26),1,24:48,3,8,.375,0,0,,4,6,.667,2,4,6,5,0,0,3,3,10,6.7,+2
39,39,2013-01-15,23-305,LAC,@,HOU,W (+8),1,33:19,7,13,.538,0,0,,5,5,1.000,2,2,4,8,1,1,6,3,19,14.8,+11
40,40,2013-01-17,23-307,LAC,@,MIN,W (+13),1,34:58,9,19,.474,0,0,,2,2,1.000,1,3,4,2,0,1,3,3,20,9.8,+5
41,41,2013-01-19,23-309,LAC,,WAS,W (+7),1,32:51,5,18,.278,0,0,,7,10,.700,2,9,11,3,1,1,0,5,17,11.1,+9
42,42,2013-01-21,23-311,LAC,@,GSW,L (-7),1,40:31,11,18,.611,0,2,.000,4,6,.667,4,9,13,8,3,2,5,0,26,27.5,+13
43,43,2013-01-22,23-312,LAC,,OKC,L (-12),1,37:14,11,19,.579,0,0,,9,10,.900,4,7,11,5,2,1,4,4,31,27.2,-6
44,44,2013-01-24,23-314,LAC,@,PHO,L (-5),1,36:34,5,9,.556,0,0,,2,8,.250,4,4,8,2,0,2,3,2,12,8.3,-6
45,45,2013-01-26,23-316,LAC,@,POR,L (-1),1,37:59,10,19,.526,0,0,,4,5,.800,1,7,8,10,4,0,2,2,24,25.3,+8
46,46,2013-01-27,23-317,LAC,,POR,W (+13),1,28:16,9,15,.600,0,1,.000,5,6,.833,1,4,5,9,2,0,1,2,23,24.1,+12
47,47,2013-01-30,23-320,LAC,@,MIN,W (+6),1,36:16,11,17,.647,0,0,,4,4,1.000,5,8,13,0,3,0,3,3,26,23.2,+9
48,48,2013-02-01,23-322,LAC,@,TOR,L (-25),1,34:11,4,11,.364,0,0,,9,12,.750,2,7,9,2,0,0,3,3,17,10.4,-25
49,49,2013-02-03,23-324,LAC,@,BOS,L (-2),1,37:14,8,14,.571,0,0,,4,7,.571,4,7,11,5,1,0,4,4,20,16.0,+12
50,,2013-02-04,23-325,LAC,@,WAS,L (-8),Did Not Play,Did Not Play,Did Not Play,Did Not Play,Did Not Play,Did Not Play,Did Not Play,Did Not Play,Did Not Play,Did Not Play,Did Not Play,Did Not Play,Did Not Play,Did Not Play,Did Not Play,Did Not Play,Did Not Play,Did Not Play,Did Not Play,Did Not Play,Did Not Play,Did Not Play
51,,2013-02-06,23-327,LAC,@,ORL,W (+10),Did Not Play,Did Not Play,Did Not Play,Did Not Play,Did Not Play,Did Not Play,Did Not Play,Did Not Play,Did Not Play,Did Not Play,Did Not Play,Did Not Play,Did Not Play,Did Not Play,Did Not Play,Did Not Play,Did Not Play,Did Not Play,Did Not Play,Did Not Play,Did Not Play,Did Not Play
52,50,2013-02-08,23-329,LAC,@,MIA,L (-22),1,24:07,5,7,.714,0,0,,3,4,.750,0,5,5,3,0,0,4,4,13,7.7,-21
53,51,2013-02-10,23-331,LAC,@,NYK,W (+14),1,37:35,7,12,.583,0,0,,3,5,.600,6,6,12,4,2,1,4,3,17,16.9,-2
54,52,2013-02-11,23-332,LAC,@,PHI,W (+17),1,27:49,9,14,.643,0,0,,2,4,.500,3,6,9,5,1,0,4,3,20,16.2,+22
55,53,2013-02-13,23-334,LAC,,HOU,W (+10),1,32:26,6,10,.600,0,0,,8,11,.727,4,7,11,5,4,1,2,4,20,23.7,+26
56,54,2013-02-14,23-335,LAC,@,LAL,W (+24),1,31:28,11,15,.733,0,0,,0,0,,6,4,10,2,0,2,2,4,22,20.5,+31
57,55,2013-02-21,23-342,LAC,,SAS,L (-26),1,29:00,7,17,.412,0,0,,3,4,.750,4,4,8,3,0,0,3,4,17,9.0,-34
58,56,2013-02-23,23-344,LAC,,UTA,W (+13),1,31:29,7,12,.583,0,0,,4,4,1.000,3,4,7,3,1,1,1,4,18,16.9,+17
59,57,2013-02-26,23-347,LAC,,CHA,W (+22),1,31:11,11,14,.786,0,0,,2,4,.500,2,5,7,6,0,1,2,2,24,22.8,+16
60,58,2013-02-28,23-349,LAC,@,IND,W (+8),1,36:20,7,10,.700,0,0,,4,5,.800,2,12,14,2,0,0,1,5,18,16.8,+6
61,59,2013-03-01,23-350,LAC,@,CLE,W (+16),1,29:18,7,12,.583,0,0,,2,5,.400,5,6,11,3,3,3,0,2,16,20.9,+13
62,60,2013-03-03,23-352,LAC,,OKC,L (-4),1,32:22,8,14,.571,0,0,,4,6,.667,3,6,9,5,0,1,2,6,20,16.3,-6
63,61,2013-03-06,23-355,LAC,,MIL,W (+16),1,32:50,9,14,.643,0,1,.000,5,8,.625,2,9,11,11,1,1,3,2,23,25.3,+5
64,62,2013-03-07,23-356,LAC,@,DEN,L (-15),1,33:17,7,12,.583,0,0,,3,3,1.000,1,1,2,2,1,0,3,3,17,10.6,-20
65,63,2013-03-10,23-359,LAC,,DET,W (+32),1,21:21,9,12,.750,0,1,.000,4,7,.571,1,7,8,3,0,1,2,3,22,18.4,+27
66,64,2013-03-13,23-362,LAC,,MEM,L (-11),1,36:31,8,15,.533,0,1,.000,6,7,.857,4,2,6,5,0,1,3,4,22,17.3,-2
67,65,2013-03-17,24-001,LAC,,NYK,W (+13),1,38:14,6,14,.429,0,0,,0,5,.000,4,8,12,3,1,2,1,2,12,10.5,+6
68,66,2013-03-19,24-003,LAC,@,SAC,L (-15),1,37:43,11,14,.786,0,0,,4,4,1.000,1,3,4,5,2,1,3,5,26,23.4,-11
69,67,2013-03-20,24-004,LAC,,PHI,W (+29),1,26:18,2,9,.222,0,1,.000,3,4,.750,4,5,9,6,1,0,3,3,7,6.4,+7
70,68,2013-03-23,24-007,LAC,,BRK,W (+6),1,38:31,4,11,.364,1,1,1.000,2,5,.400,2,5,7,4,0,0,4,4,11,3.8,+15
71,69,2013-03-26,24-010,LAC,@,DAL,L (-7),1,36:50,4,12,.333,0,1,.000,6,8,.750,2,7,9,3,0,1,4,5,14,6.7,-13
72,70,2013-03-27,24-011,LAC,@,NOH,W (+14),1,35:50,6,12,.500,0,0,,7,8,.875,3,2,5,2,1,0,1,1,19,16.3,+13
73,71,2013-03-29,24-013,LAC,@,SAS,L (-2),1,38:01,7,20,.350,0,1,.000,4,5,.800,3,4,7,4,0,0,1,3,18,10.3,0
74,72,2013-03-30,24-014,LAC,@,HOU,L (-17),1,28:14,5,11,.455,0,0,,2,2,1.000,1,2,3,2,0,1,2,2,12,6.9,-12
75,73,2013-04-01,24-016,LAC,,IND,L (-3),1,28:22,8,13,.615,0,0,,1,1,1.000,2,3,5,0,1,0,2,1,17,12.0,-22
76,74,2013-04-03,24-018,LAC,,PHO,W (+25),1,26:58,4,7,.571,0,0,,1,3,.333,1,4,5,7,1,0,2,1,9,10.3,+30
77,75,2013-04-07,24-022,LAC,,LAL,W (+14),1,36:54,8,18,.444,1,3,.333,7,8,.875,4,8,12,5,0,0,1,1,24,21.5,+11
78,76,2013-04-10,24-025,LAC,,MIN,W (+16),1,29:44,9,13,.692,0,0,,1,3,.333,4,4,8,7,1,0,5,2,19,16.8,+17
79,77,2013-04-12,24-027,LAC,@,NOH,W (+3),1,39:09,9,16,.563,0,2,.000,2,4,.500,1,4,5,4,0,1,1,4,20,14.4,-1
80,78,2013-04-13,24-028,LAC,@,MEM,W (+4),1,33:01,5,12,.417,0,0,,2,6,.333,3,6,9,3,1,0,1,2,12,9.2,-7
81,79,2013-04-16,24-031,LAC,,POR,W (+16),1,27:05,6,9,.667,0,0,,4,5,.800,1,5,6,4,2,0,3,2,16,14.9,+16
82,80,2013-04-17,24-032,LAC,@,SAC,W (+4),1,30:37,3,10,.300,0,0,,1,2,.500,1,3,4,2,0,0,4,2,7,-1.0,-1
1,1,2013-10-29,24-227,LAC,@,LAL,L (-13),1,40:09,8,15,.533,0,0,,3,10,.300,2,5,7,3,1,0,4,1,19,10.5,-6
2,2,2013-10-31,24-229,LAC,,GSW,W (+11),1,34:13,9,12,.750,0,1,.000,5,8,.625,0,10,10,2,2,1,3,6,23,18.7,+18
3,3,2013-11-01,24-230,LAC,@,SAC,W (+9),1,41:23,6,13,.462,0,1,.000,8,8,1.000,3,14,17,7,0,2,2,2,20,23.1,+8
4,4,2013-11-04,24-233,LAC,,HOU,W (+19),1,31:45,8,13,.615,0,0,,2,4,.500,2,5,7,2,1,1,2,5,18,13.3,+30
5,5,2013-11-06,24-235,LAC,@,ORL,L (-8),1,40:03,10,20,.500,0,0,,3,6,.500,0,13,13,2,2,1,1,2,23,18.0,+2
6,6,2013-11-07,24-236,LAC,@,MIA,L (-5),1,38:18,11,15,.733,1,1,1.000,4,5,.800,2,12,14,2,1,0,3,3,27,23.7,+4
7,7,2013-11-09,24-238,LAC,@,HOU,W (+13),1,34:01,9,16,.563,1,1,1.000,3,6,.500,1,6,7,2,1,0,3,5,22,13.1,+10
8,8,2013-11-11,24-240,LAC,,MIN,W (+2),1,39:18,11,22,.500,0,0,,3,4,.750,1,9,10,5,0,0,0,3,25,19.3,0
9,9,2013-11-13,24-242,LAC,,OKC,W (+8),1,37:59,8,14,.571,0,0,,6,9,.667,6,6,12,7,3,0,5,5,22,21.1,+8
10,10,2013-11-16,24-245,LAC,,BRK,W (+7),1,39:59,12,19,.632,0,0,,6,11,.545,3,9,12,2,0,1,3,5,30,21.4,+7
11,11,2013-11-18,24-247,LAC,,MEM,L (-4),1,33:18,11,21,.524,0,0,,1,3,.333,5,6,11,1,2,1,1,4,23,18.0,+8
12,12,2013-11-20,24-249,LAC,@,MIN,W (+4),1,38:19,10,19,.526,0,0,,0,0,,1,9,10,2,2,2,2,4,20,15.3,0
13,13,2013-11-21,24-250,LAC,@,OKC,L (-14),1,36:39,12,23,.522,0,0,,3,4,.750,2,8,10,5,2,0,3,1,27,21.2,-2
14,14,2013-11-23,24-252,LAC,,SAC,W (+1),1,40:14,3,10,.300,1,2,.500,9,13,.692,3,7,10,4,1,0,6,5,16,8.6,+4
15,15,2013-11-24,24-253,LAC,,CHI,W (+39),1,27:18,6,10,.600,0,0,,3,4,.750,2,10,12,2,1,3,2,4,15,15.3,+19
16,16,2013-11-27,24-256,LAC,,NYK,W (+13),1,35:44,6,13,.462,0,0,,3,6,.500,3,10,13,2,0,1,3,3,15,10.1,-5
17,17,2013-11-29,24-258,LAC,@,SAC,W (+6),1,38:57,7,15,.467,0,0,,7,10,.700,2,10,12,1,0,0,4,4,21,11.6,-1
18,18,2013-12-01,24-260,LAC,,IND,L (-5),1,36:32,6,13,.462,0,0,,4,5,.800,3,9,12,2,1,0,5,3,16,9.9,-21
19,19,2013-12-04,24-263,LAC,@,ATL,L (-10),1,36:34,10,17,.588,0,0,,4,4,1.000,1,6,7,4,0,1,0,2,24,21.3,-13
20,20,2013-12-05,24-264,LAC,@,MEM,W (+20),1,30:00,5,15,.333,0,0,,4,4,1.000,5,4,9,5,1,0,2,3,14,11.5,+13
21,21,2013-12-07,24-266,LAC,@,CLE,L (-6),1,37:26,3,12,.250,0,0,,4,6,.667,3,7,10,4,1,0,2,4,10,6.4,-7
22,22,2013-12-09,24-268,LAC,@,PHI,W (+11),1,39:33,9,14,.643,0,2,.000,8,14,.571,0,8,8,0,1,3,1,5,26,19.9,+11
23,23,2013-12-11,24-270,LAC,@,BOS,W (+8),1,41:32,7,16,.438,0,1,.000,4,4,1.000,1,6,7,4,1,0,4,3,18,10.7,+9
24,24,2013-12-12,24-271,LAC,@,BRK,L (-9),1,29:43,2,8,.250,0,0,,8,13,.615,3,8,11,3,1,0,3,2,12,9.0,-11
25,25,2013-12-14,24-273,LAC,@,WAS,W (+16),1,39:01,6,13,.462,0,1,.000,4,4,1.000,1,8,9,5,2,1,3,2,16,14.8,+22
26,26,2013-12-16,24-275,LAC,,SAS,W (+23),1,33:57,8,14,.571,0,0,,11,15,.733,2,7,9,2,0,0,3,3,27,19.5,+9
27,27,2013-12-18,24-277,LAC,,NOP,W (+13),1,31:54,8,16,.500,2,3,.667,3,4,.750,3,7,10,5,0,1,3,6,21,15.6,+10
28,28,2013-12-21,24-280,LAC,,DEN,W (+21),1,35:43,8,17,.471,0,1,.000,8,10,.800,5,11,16,4,1,1,3,2,24,22.0,+19
29,29,2013-12-22,24-281,LAC,,MIN,W (+4),1,40:48,11,20,.550,0,0,,10,11,.909,3,7,10,2,4,0,2,6,32,27.2,0
30,30,2013-12-25,24-284,LAC,@,GSW,L (-2),1,32:30,8,16,.500,0,1,.000,4,6,.667,3,11,14,5,0,0,4,3,20,14.9,+1
31,31,2013-12-26,24-285,LAC,@,POR,L (-4),1,41:15,15,27,.556,1,1,1.000,4,5,.800,3,8,11,1,1,2,2,2,35,26.5,+6
32,32,2013-12-28,24-287,LAC,,UTA,W (+8),1,38:09,13,20,.650,0,0,,14,17,.824,1,9,10,3,1,1,8,2,40,28.4,+10
33,33,2013-12-30,24-289,LAC,,PHO,L (-19),1,28:28,5,15,.333,0,0,,5,7,.714,2,3,5,1,1,0,4,4,15,4.1,-26
34,34,2014-01-01,24-291,LAC,,CHA,W (+27),1,38:07,14,20,.700,1,2,.500,2,4,.500,2,10,12,2,0,0,4,4,31,22.0,+22
35,35,2014-01-03,24-293,LAC,@,DAL,W (+7),1,41:08,7,18,.389,0,1,.000,11,13,.846,5,10,15,5,0,1,0,3,25,23.9,+17
36,36,2014-01-04,24-294,LAC,@,SAS,L (-24),1,35:03,7,15,.467,0,0,,5,7,.714,2,5,7,2,0,0,1,2,19,13.0,-19
37,37,2014-01-06,24-296,LAC,,ORL,W (+20),1,23:47,5,12,.417,0,1,.000,6,8,.750,2,6,8,6,3,0,2,4,16,15.6,+15
38,38,2014-01-08,24-298,LAC,,BOS,W (+6),1,41:23,9,14,.643,0,0,,11,17,.647,1,5,6,8,2,0,2,4,29,26.6,+9
39,39,2014-01-10,24-300,LAC,,LAL,W (+36),1,29:48,12,15,.800,0,0,,9,11,.818,2,10,12,4,4,2,4,2,33,34.3,+45
40,40,2014-01-15,24-305,LAC,,DAL,W (+2),1,40:04,5,11,.455,0,1,.000,13,16,.813,1,6,7,8,1,0,5,3,23,19.0,-2
41,41,2014-01-17,24-307,LAC,@,NYK,W (+14),1,39:41,12,20,.600,1,3,.333,7,9,.778,0,7,7,2,3,1,4,5,32,23.2,+9
42,42,2014-01-18,24-308,LAC,@,IND,L (-14),1,34:36,6,18,.333,0,1,.000,7,8,.875,3,5,8,4,1,1,1,4,19,13.9,-13
43,43,2014-01-20,24-310,LAC,@,DET,W (+9),1,32:49,9,16,.563,0,2,.000,7,12,.583,3,2,5,5,1,0,4,3,25,17.4,+1
44,44,2014-01-22,24-312,LAC,@,CHA,L (-4),1,37:26,11,20,.550,0,0,,5,6,.833,1,6,7,6,1,0,3,3,27,20.5,+7
45,45,2014-01-24,24-314,LAC,@,CHI,W (+17),1,37:06,11,18,.611,0,0,,4,7,.571,4,9,13,7,0,0,0,2,26,26.2,+15
46,46,2014-01-25,24-315,LAC,@,TOR,W (+8),1,39:24,10,18,.556,0,0,,10,13,.769,2,3,5,2,1,0,0,5,30,22.9,+5
47,47,2014-01-27,24-317,LAC,@,MIL,W (+28),1,28:26,8,13,.615,0,1,.000,4,5,.800,2,3,5,2,2,1,3,3,20,15.9,+19
48,48,2014-01-29,24-319,LAC,,WAS,W (+7),1,37:23,12,20,.600,0,0,,5,8,.625,1,8,9,4,1,1,6,4,29,18.6,+4
49,49,2014-01-30,24-320,LAC,@,GSW,L (-19),1,39:33,11,21,.524,0,0,,5,10,.500,1,2,3,2,3,0,2,1,27,18.0,-8
50,50,2014-02-01,24-322,LAC,,UTA,W (+15),1,35:25,9,19,.474,0,0,,7,12,.583,4,7,11,4,0,0,1,2,25,19.2,+17
51,51,2014-02-03,24-324,LAC,@,DEN,L (-1),1,37:34,13,21,.619,0,0,,10,16,.625,6,5,11,5,1,0,0,4,36,32.7,0
52,52,2014-02-05,24-326,LAC,,MIA,L (-4),1,42:17,16,34,.471,1,3,.333,10,17,.588,9,6,15,6,0,0,4,5,43,29.1,+5
53,53,2014-02-07,24-328,LAC,,TOR,W (+13),1,28:19,13,18,.722,0,1,.000,10,13,.769,1,7,8,2,2,1,2,5,36,30.3,+14
54,54,2014-02-09,24-330,LAC,,PHI,W (+45),1,24:52,11,14,.786,0,0,,4,4,1.000,0,11,11,6,1,0,2,3,26,25.9,+32
55,55,2014-02-12,24-333,LAC,,POR,W (+5),1,39:15,13,21,.619,0,0,,10,12,.833,2,8,10,1,0,0,1,3,36,28.0,0
56,56,2014-02-18,24-339,LAC,,SAS,L (-10),1,38:12,14,24,.583,1,1,1.000,6,10,.600,3,9,12,4,2,0,3,1,35,28.4,-4
57,57,2014-02-21,24-342,LAC,@,MEM,L (-6),1,39:42,10,21,.476,0,0,,8,14,.571,5,8,13,2,0,1,2,4,28,19.3,-2
58,58,2014-02-23,24-344,LAC,@,OKC,W (+8),1,36:30,6,15,.400,1,1,1.000,7,10,.700,2,5,7,6,0,1,4,5,20,12.5,+15
59,59,2014-02-24,24-345,LAC,@,NOP,W (+13),1,33:04,6,12,.500,0,2,.000,10,14,.714,0,4,4,3,1,0,4,5,22,12.7,+17
60,60,2014-02-26,24-347,LAC,,HOU,W (+8),1,40:20,11,25,.440,0,2,.000,1,1,1.000,6,10,16,3,2,1,2,2,23,19.1,+20
61,61,2014-03-01,24-350,LAC,,NOP,W (+32),1,31:40,8,17,.471,0,0,,4,6,.667,0,5,5,1,0,1,3,1,20,10.0,+29
62,62,2014-03-04,24-353,LAC,@,PHO,W (+8),1,36:32,9,18,.500,0,0,,4,8,.500,2,3,5,6,1,1,3,3,22,15.4,+15
63,63,2014-03-06,24-355,LAC,@,LAL,W (+48),1,25:47,8,12,.667,0,0,,4,6,.667,2,9,11,7,2,0,5,3,20,18.8,+34
64,64,2014-03-08,24-357,LAC,,ATL,W (+1),1,37:51,11,19,.579,0,0,,5,9,.556,3,5,8,5,1,0,7,5,27,15.6,-1
65,65,2014-03-10,24-359,LAC,,PHO,W (+7),1,31:42,14,16,.875,0,0,,9,10,.900,2,4,6,3,1,0,6,6,37,28.3,+9
66,66,2014-03-12,24-361,LAC,,GSW,W (+13),1,42:00,13,28,.464,0,0,,4,8,.500,5,10,15,3,3,0,3,2,30,21.8,+10
67,67,2014-03-14,24-363,LAC,@,UTA,W (+9),1,36:22,7,17,.412,0,1,.000,6,6,1.000,1,4,5,5,2,0,2,2,20,15.5,-2
68,68,2014-03-16,25-000,LAC,,CLE,W (+22),1,37:32,9,18,.500,0,0,,3,4,.750,0,11,11,8,0,1,1,4,21,18.6,+24
69,69,2014-03-17,25-001,LAC,@,DEN,L (-10),1,41:44,7,25,.280,0,0,,12,12,1.000,8,4,12,4,2,2,2,3,26,21.1,0
70,70,2014-03-22,25-006,LAC,,DET,W (+9),1,37:26,12,17,.706,0,1,.000,1,2,.500,1,6,7,7,1,1,3,2,25,22.8,+23
71,71,2014-03-24,25-008,LAC,,MIL,W (+8),1,38:18,10,19,.526,0,0,,7,9,.778,2,12,14,6,1,3,5,0,27,24.2,+14
72,72,2014-03-26,25-010,LAC,@,NOP,L (-2),1,38:53,6,13,.462,0,0,,9,15,.600,2,6,8,3,2,2,3,3,21,16.4,0
73,73,2014-03-27,25-011,LAC,@,DAL,W (+6),1,40:03,8,14,.571,0,0,,2,3,.667,4,9,13,4,0,2,4,5,18,14.7,+15
74,74,2014-03-29,25-013,LAC,@,HOU,W (+11),1,6:11,2,3,.667,0,0,,3,3,1.000,0,1,1,1,0,1,0,1,7,7.0,-6
75,,2014-03-31,25-015,LAC,@,MIN,W (+10),Did Not Play,Did Not Play,Did Not Play,Did Not Play,Did Not Play,Did Not Play,Did Not Play,Did Not Play,Did Not Play,Did Not Play,Did Not Play,Did Not Play,Did Not Play,Did Not Play,Did Not Play,Did Not Play,Did Not Play,Did Not Play,Did Not Play,Did Not Play,Did Not Play,Did Not Play
76,75,2014-04-02,25-017,LAC,@,PHO,W (+4),1,33:42,7,15,.467,0,0,,9,10,.900,4,2,6,3,1,0,3,3,23,17.2,-6
77,76,2014-04-03,25-018,LAC,,DAL,L (-6),1,39:39,9,23,.391,0,0,,7,7,1.000,4,6,10,11,1,1,1,5,25,23.5,-5
78,77,2014-04-06,25-021,LAC,,LAL,W (+23),1,30:47,7,14,.500,0,0,,9,13,.692,0,7,7,6,3,0,3,3,23,19.5,+24
79,78,2014-04-09,25-024,LAC,,OKC,L (-6),1,39:11,11,23,.478,0,1,.000,8,11,.727,5,7,12,1,0,0,3,4,30,18.8,-6
80,79,2014-04-12,25-027,LAC,,SAC,W (+16),1,36:29,9,15,.600,1,2,.500,8,9,.889,0,4,4,9,2,1,2,4,27,26.3,+19
81,80,2014-04-15,25-030,LAC,,DEN,W (+12),1,29:33,9,17,.529,0,1,.000,6,6,1.000,0,5,5,4,2,1,3,1,24,19.3,+6
1,1,2014-10-30,25-228,LAC,,OKC,W (+3),1,38:27,8,18,.444,0,0,,7,10,.700,5,2,7,3,1,0,3,6,23,14.2,-5
2,2,2014-10-31,25-229,LAC,@,LAL,W (+7),1,38:54,13,23,.565,2,2,1.000,11,12,.917,1,6,7,4,0,0,5,4,39,26.4,+5
3,3,2014-11-02,25-231,LAC,,SAC,L (-6),1,38:08,6,20,.300,0,1,.000,5,8,.625,5,3,8,4,0,1,2,4,17,8.5,-15
4,4,2014-11-03,25-232,LAC,,UTA,W (+6),1,38:27,14,21,.667,0,0,,3,4,.750,1,8,9,4,0,2,1,3,31,26.6,+7
5,5,2014-11-05,25-234,LAC,@,GSW,L (-17),1,31:18,7,15,.467,0,0,,0,1,.000,0,1,1,1,0,0,2,2,14,4.1,-23
6,6,2014-11-08,25-237,LAC,,POR,W (+4),1,35:14,8,24,.333,0,0,,7,8,.875,2,4,6,3,0,0,1,3,23,11.5,-6
7,7,2014-11-10,25-239,LAC,,SAS,L (-4),1,37:09,9,17,.529,0,0,,5,7,.714,3,7,10,6,1,0,3,3,23,19.1,-15
8,8,2014-11-15,25-244,LAC,,PHO,W (+13),1,31:54,7,12,.583,0,0,,5,8,.625,0,8,8,4,1,1,4,5,19,13.1,+26
9,9,2014-11-17,25-246,LAC,,CHI,L (-16),1,36:39,7,15,.467,0,1,.000,5,10,.500,4,6,10,4,0,0,5,3,19,10.5,-24
10,10,2014-11-19,25-248,LAC,@,ORL,W (+24),1,30:12,8,18,.444,0,0,,4,6,.667,0,4,4,2,0,0,1,1,20,11.0,+12
11,11,2014-11-20,25-249,LAC,@,MIA,W (+17),1,29:59,12,18,.667,1,2,.500,1,3,.333,2,5,7,4,3,0,0,3,26,24.9,+31
12,12,2014-11-23,25-252,LAC,@,MEM,L (-16),1,33:26,5,17,.294,0,0,,2,4,.500,1,3,4,3,1,0,4,3,12,0.8,-18
13,13,2014-11-24,25-253,LAC,@,CHO,W (+21),1,38:24,10,23,.435,0,0,,2,3,.667,5,11,16,9,0,0,2,3,22,19.4,+31
14,14,2014-11-26,25-255,LAC,@,DET,W (+6),1,33:07,6,17,.353,0,0,,3,3,1.000,3,4,7,7,1,0,2,2,15,11.9,+4
15,15,2014-11-28,25-257,LAC,@,HOU,W (+17),1,30:38,11,20,.550,0,0,,8,8,1.000,2,8,10,1,0,0,2,3,30,21.7,+13
16,16,2014-11-29,25-258,LAC,@,UTA,W (+16),1,33:45,13,18,.722,1,1,1.000,1,2,.500,2,4,6,3,0,0,1,3,28,22.7,+28
17,17,2014-12-01,25-260,LAC,,MIN,W (+26),1,25:20,8,14,.571,0,0,,7,8,.875,1,7,8,3,0,1,1,2,23,19.8,+22
18,18,2014-12-03,25-262,LAC,,ORL,W (+28),1,28:54,9,16,.563,0,0,,3,4,.750,1,7,8,6,2,1,4,1,21,18.3,+27
19,19,2014-12-06,25-265,LAC,,NOP,W (+20),1,30:25,10,15,.667,0,1,.000,10,15,.667,1,6,7,5,1,0,1,3,30,26.3,+24
20,20,2014-12-08,25-267,LAC,,PHO,W (+1),1,42:32,14,24,.583,2,2,1.000,15,17,.882,0,8,8,2,1,0,3,4,45,33.2,+13
21,21,2014-12-10,25-269,LAC,@,IND,W (+7),1,37:59,7,17,.412,0,0,,3,4,.750,3,7,10,5,0,2,0,1,17,16.2,+22
22,22,2014-12-12,25-271,LAC,@,WAS,L (-8),1,36:40,6,13,.462,0,0,,2,4,.500,1,1,2,3,1,0,2,5,14,6.6,-11
23,23,2014-12-13,25-272,LAC,@,MIL,L (-5),1,39:00,4,12,.333,0,0,,2,4,.500,2,4,6,9,2,0,1,2,10,11.5,+14
24,24,2014-12-15,25-274,LAC,,DET,W (+22),1,31:58,7,16,.438,1,1,1.000,3,4,.750,2,5,7,7,2,1,3,2,18,15.9,+13
25,25,2014-12-17,25-276,LAC,,IND,W (+2),1,40:08,11,27,.407,0,2,.000,9,13,.692,6,10,16,5,1,0,4,2,31,21.8,+16
26,26,2014-12-19,25-278,LAC,@,DEN,L (-3),1,40:52,9,20,.450,0,0,,14,18,.778,4,8,12,3,1,0,0,5,32,26.3,+18
27,27,2014-12-20,25-279,LAC,,MIL,W (+4),1,34:13,10,17,.588,0,0,,4,5,.800,4,2,6,8,1,0,4,3,24,20.5,+4
28,28,2014-12-22,25-281,LAC,@,SAS,L (-7),1,37:42,10,20,.500,0,0,,2,4,.500,0,6,6,6,1,1,4,3,22,13.7,-9
29,29,2014-12-23,25-282,LAC,@,ATL,L (-3),1,36:24,9,17,.529,0,1,.000,3,4,.750,1,7,8,11,1,1,2,3,21,21.3,+10
30,30,2014-12-25,25-284,LAC,,GSW,W (+14),1,39:01,5,16,.313,0,1,.000,8,13,.615,3,12,15,6,2,1,5,4,18,12.8,+8
31,31,2014-12-27,25-286,LAC,,TOR,L (-12),1,38:04,9,20,.450,0,0,,4,5,.800,1,5,6,5,1,2,4,4,22,13.7,-13
32,32,2014-12-29,25-288,LAC,,UTA,W (+4),1,41:14,10,20,.500,0,0,,4,6,.667,0,6,6,7,2,3,6,4,24,16.4,-1
33,33,2014-12-31,25-290,LAC,,NYK,W (+21),1,34:35,6,16,.375,0,0,,1,3,.333,0,7,7,11,0,0,0,1,13,12.8,+19
34,34,2015-01-03,25-293,LAC,,PHI,W (+36),1,29:43,7,13,.538,0,1,.000,1,1,1.000,0,2,2,3,1,0,3,1,15,9.0,+11
35,35,2015-01-05,25-295,LAC,,ATL,L (-9),1,40:05,6,17,.353,0,0,,14,18,.778,3,7,10,6,0,0,5,5,26,16.3,-17
36,36,2015-01-07,25-297,LAC,,LAL,W (+25),1,30:51,9,13,.692,0,0,,9,13,.692,1,8,9,8,3,0,0,1,27,31.2,+36
37,37,2015-01-10,25-300,LAC,,DAL,W (+20),1,35:04,11,15,.733,0,0,,0,2,.000,1,6,7,6,2,0,2,3,22,20.6,+25
38,38,2015-01-11,25-301,LAC,,MIA,L (-14),1,38:52,10,19,.526,1,3,.333,5,7,.714,3,3,6,3,0,0,2,4,26,17.4,-5
39,39,2015-01-14,25-304,LAC,@,POR,W (+6),1,38:47,7,20,.350,0,0,,4,4,1.000,1,2,3,4,3,0,3,2,18,10.1,+9
40,40,2015-01-16,25-306,LAC,,CLE,L (-5),1,41:24,14,23,.609,0,0,,6,7,.857,4,6,10,3,1,0,0,6,34,28.4,+11
41,41,2015-01-17,25-307,LAC,@,SAC,W (+9),1,36:32,11,16,.688,0,0,,8,11,.727,1,4,5,5,1,0,1,2,30,26.6,+8
42,42,2015-01-19,25-309,LAC,,BOS,W (+9),1,35:05,9,18,.500,0,1,.000,4,4,1.000,2,7,9,6,1,0,0,2,22,20.9,+8
43,43,2015-01-22,25-312,LAC,,BRK,W (+39),1,24:53,11,14,.786,0,0,,2,3,.667,1,5,6,3,2,0,3,4,24,19.9,+35
44,44,2015-01-25,25-315,LAC,@,PHO,W (+20),1,36:12,11,19,.579,0,0,,1,4,.250,3,4,7,7,1,0,1,2,23,20.3,+25
45,45,2015-01-26,25-316,LAC,,DEN,W (+4),1,34:15,6,17,.353,0,0,,2,4,.500,2,7,9,10,1,1,2,1,14,13.5,+4
46,46,2015-01-28,25-318,LAC,@,UTA,W (+5),1,38:11,7,17,.412,0,1,.000,3,6,.500,3,4,7,3,1,1,3,3,17,9.6,+3
47,47,2015-01-30,25-320,LAC,@,NOP,L (-5),1,37:29,7,14,.500,0,0,,5,6,.833,2,2,4,6,1,0,0,4,19,17.2,-7
48,48,2015-01-31,25-321,LAC,@,SAS,W (+20),1,34:40,12,21,.571,0,0,,7,7,1.000,1,12,13,5,0,1,2,1,31,27.2,+15
49,49,2015-02-02,25-323,LAC,@,BRK,L (-2),1,35:02,6,10,.600,0,0,,1,4,.250,1,5,6,7,1,0,2,6,13,10.9,+3
50,50,2015-02-05,25-326,LAC,@,CLE,L (-11),1,26:34,7,17,.412,0,0,,2,3,.667,3,5,8,4,0,0,1,3,16,10.7,-23
51,51,2015-02-06,25-327,LAC,@,TOR,L (-16),1,35:43,9,15,.600,0,0,,8,9,.889,2,4,6,9,1,1,1,1,26,27.9,-15
52,52,2015-03-15,25-364,LAC,,HOU,L (-2),1,40:41,4,10,.400,0,0,,3,3,1.000,2,9,11,8,2,1,5,5,11,11.0,-6
53,53,2015-03-17,26-001,LAC,,CHO,W (+7),1,36:22,8,12,.667,0,0,,3,3,1.000,1,10,11,4,3,0,2,1,19,20.9,+7
54,54,2015-03-18,26-002,LAC,@,SAC,W (+11),1,36:06,7,16,.438,0,0,,5,6,.833,3,7,10,5,0,2,4,3,19,14.1,+15
55,55,2015-03-20,26-004,LAC,,WAS,W (+14),1,35:36,10,19,.526,0,0,,2,7,.286,1,5,6,5,1,1,4,4,22,12.5,+25
56,56,2015-03-22,26-006,LAC,,NOP,W (+7),1,37:26,10,21,.476,0,0,,3,3,1.000,3,2,5,4,1,1,0,3,23,18.3,+12
57,57,2015-03-25,26-009,LAC,@,NYK,W (+31),1,26:45,3,8,.375,0,1,.000,8,11,.727,0,6,6,3,1,0,2,2,14,10.5,+32
58,58,2015-03-27,26-011,LAC,@,PHI,W (+21),1,29:09,5,8,.625,0,0,,0,0,,1,4,5,8,0,0,1,3,10,11.7,+13
59,59,2015-03-29,26-013,LAC,@,BOS,W (+13),1,32:50,7,14,.500,0,0,,7,9,.778,3,6,9,5,1,1,0,2,21,21.5,+14
60,60,2015-03-31,26-015,LAC,,GSW,L (-4),1,42:31,16,25,.640,0,0,,8,8,1.000,2,10,12,5,1,3,3,4,40,35.3,+7
61,61,2015-04-01,26-016,LAC,@,POR,W (+4),1,38:23,10,18,.556,2,2,1.000,2,2,1.000,1,6,7,8,1,1,4,3,24,20.0,+4
62,62,2015-04-04,26-019,LAC,@,DEN,W (+15),1,25:24,6,12,.500,0,0,,0,5,.000,2,2,4,7,1,0,3,5,12,6.9,+17
63,63,2015-04-05,26-020,LAC,@,LAL,W (+28),1,30:40,8,14,.571,0,0,,2,2,1.000,1,4,5,5,0,0,0,1,18,16.4,+28
64,64,2015-04-07,26-022,LAC,,LAL,W (+5),1,36:07,11,20,.550,0,0,,5,8,.625,1,6,7,6,0,1,3,2,27,19.8,+14
65,65,2015-04-11,26-026,LAC,,MEM,W (+8),1,38:14,6,21,.286,0,1,.000,6,6,1.000,3,5,8,6,2,1,5,3,18,10.0,+14
66,66,2015-04-13,26-028,LAC,,DEN,W (+7),1,40:04,7,18,.389,0,0,,8,9,.889,2,7,9,8,0,2,2,2,22,19.5,+16
67,67,2015-04-14,26-029,LAC,@,PHO,W (+11),1,29:27,8,14,.571,0,0,,4,4,1.000,0,8,8,5,2,0,1,2,20,19.5,+21
1,1,2015-10-28,26-226,LAC,@,SAC,W (+7),1,38:15,14,20,.700,0,0,,5,7,.714,2,6,8,4,0,0,2,3,33,26.6,+16
2,2,2015-10-29,26-227,LAC,,DAL,W (+16),1,26:47,11,17,.647,0,0,,4,6,.667,2,8,10,2,1,1,3,1,26,21.2,+12
3,3,2015-10-31,26-229,LAC,,SAC,W (+5),1,36:14,13,22,.591,0,0,,11,15,.733,1,8,9,6,2,0,3,4,37,29.9,+23
4,4,2015-11-02,26-231,LAC,,PHO,W (+6),1,33:57,8,15,.533,0,0,,6,7,.857,1,9,10,2,0,1,0,2,22,19.0,-9
5,5,2015-11-04,26-233,LAC,@,GSW,L (-4),1,37:49,10,21,.476,0,2,.000,3,3,1.000,2,8,10,6,0,1,2,4,23,17.4,+8
6,6,2015-11-07,26-236,LAC,,HOU,L (-4),1,38:06,14,22,.636,0,1,.000,7,8,.875,3,8,11,5,0,0,1,4,35,30.2,0
7,7,2015-11-09,26-238,LAC,,MEM,W (+2),1,37:48,9,19,.474,0,0,,6,6,1.000,2,10,12,2,1,1,2,5,24,17.8,-3
8,8,2015-11-11,26-240,LAC,@,DAL,L (-10),1,34:02,8,19,.421,0,0,,5,7,.714,5,4,9,3,1,0,2,3,21,14.7,-10
9,9,2015-11-12,26-241,LAC,@,PHO,L (-14),1,16:12,5,10,.500,0,0,,1,2,.500,1,2,3,4,1,0,0,0,11,10.7,-7
10,10,2015-11-14,26-243,LAC,,DET,W (+5),1,41:56,14,25,.560,0,0,,6,10,.600,4,4,8,9,2,1,2,4,34,29.9,-2
11,11,2015-11-19,26-248,LAC,,GSW,L (-7),1,37:29,11,20,.550,1,1,1.000,4,6,.667,2,4,6,5,1,1,3,2,27,20.6,-12
12,12,2015-11-20,26-249,LAC,@,POR,L (-11),1,33:45,10,20,.500,0,1,.000,1,2,.500,1,6,7,7,0,0,3,5,21,13.0,-13
13,13,2015-11-22,26-251,LAC,,TOR,L (-11),1,28:56,4,10,.400,1,3,.333,0,0,,2,4,6,4,2,0,6,4,9,3.4,-3
14,14,2015-11-24,26-253,LAC,@,DEN,W (+17),1,33:08,7,20,.350,1,1,1.000,3,4,.750,4,6,10,4,1,1,1,2,18,13.7,+12
15,15,2015-11-25,26-254,LAC,,UTA,L (-11),1,38:41,18,23,.783,0,0,,4,5,.800,1,11,12,3,0,2,3,2,40,34.4,-3
16,16,2015-11-27,26-256,LAC,,NOP,W (+21),1,28:36,7,15,.467,0,0,,6,7,.857,1,5,6,6,1,0,2,3,20,16.1,+26
17,17,2015-11-29,26-258,LAC,,MIN,W (+8),1,37:02,9,16,.563,1,1,1.000,7,9,.778,0,8,8,8,0,2,3,3,26,22.8,+8
18,18,2015-11-30,26-259,LAC,,POR,W (+15),1,32:00,8,19,.421,0,0,,7,10,.700,1,7,8,6,1,1,2,4,23,16.8,+19
19,19,2015-12-02,26-261,LAC,,IND,L (-12),1,36:23,6,18,.333,0,0,,7,14,.500,1,3,4,6,0,0,4,4,19,6.2,-16
20,20,2015-12-05,26-264,LAC,,ORL,W (+2),1,39:01,11,22,.500,0,0,,6,8,.750,2,11,13,7,0,0,4,0,28,21.8,+2
21,21,2015-12-07,26-266,LAC,@,MIN,W (+4),1,36:54,7,17,.412,0,1,.000,2,2,1.000,3,8,11,5,1,0,3,4,16,11.3,+8
22,22,2015-12-09,26-268,LAC,@,MIL,W (+14),1,39:34,8,18,.444,0,0,,5,8,.625,2,12,14,4,2,1,3,2,21,17.1,+23
23,23,2015-12-10,26-269,LAC,@,CHI,L (-3),1,24:45,7,14,.500,0,1,.000,4,4,1.000,1,10,11,2,0,2,2,3,18,14.3,-2
24,24,2015-12-12,26-271,LAC,@,BRK,W (+5),1,34:35,10,19,.526,0,1,.000,1,2,.500,1,8,9,4,1,0,3,0,21,15.2,-5
25,25,2015-12-14,26-273,LAC,@,DET,W (+2),1,42:47,15,30,.500,0,0,,4,6,.667,0,5,5,7,0,0,2,2,34,21.8,+11
26,26,2015-12-16,26-275,LAC,,MIL,W (+13),1,33:52,5,13,.385,0,0,,5,7,.714,1,7,8,5,0,1,0,0,15,14.1,+17
27,27,2015-12-18,26-277,LAC,@,SAS,L (-8),1,39:58,10,19,.526,2,2,1.000,3,4,.750,0,5,5,5,1,0,1,3,25,19.1,+8
28,28,2015-12-19,26-278,LAC,@,HOU,L (-10),1,36:21,9,13,.692,0,0,,4,5,.800,0,8,8,6,1,0,2,5,22,19.7,-15
29,29,2015-12-21,26-280,LAC,,OKC,L (-1),1,36:20,7,21,.333,0,1,.000,1,2,.500,0,7,7,5,0,0,1,3,15,6.1,-5
30,30,2015-12-25,26-284,LAC,@,LAL,W (+10),1,36:22,6,16,.375,0,1,.000,1,2,.500,3,9,12,7,1,1,6,4,13,7.6,+21
31,,2015-12-26,26-285,LAC,@,UTA,W (+5),Inactive,Inactive,Inactive,Inactive,Inactive,Inactive,Inactive,Inactive,Inactive,Inactive,Inactive,Inactive,Inactive,Inactive,Inactive,Inactive,Inactive,Inactive,Inactive,Inactive,Inactive,Inactive
32,,2015-12-28,26-287,LAC,@,WAS,W (+17),Inactive,Inactive,Inactive,Inactive,Inactive,Inactive,Inactive,Inactive,Inactive,Inactive,Inactive,Inactive,Inactive,Inactive,Inactive,Inactive,Inactive,Inactive,Inactive,Inactive,Inactive,Inactive
33,,2015-12-30,26-289,LAC,@,CHO,W (+5),Inactive,Inactive,Inactive,Inactive,Inactive,Inactive,Inactive,Inactive,Inactive,Inactive,Inactive,Inactive,Inactive,Inactive,Inactive,Inactive,Inactive,Inactive,Inactive,Inactive,Inactive,Inactive
34,,2015-12-31,26-290,LAC,@,NOP,W (+6),Inactive,Inactive,Inactive,Inactive,Inactive,Inactive,Inactive,Inactive,Inactive,Inactive,Inactive,Inactive,Inactive,Inactive,Inactive,Inactive,Inactive,Inactive,Inactive,Inactive,Inactive,Inactive
35,,2016-01-02,26-292,LAC,,PHI,W (+31),Inactive,Inactive,Inactive,Inactive,Inactive,Inactive,Inactive,Inactive,Inactive,Inactive,Inactive,Inactive,Inactive,Inactive,Inactive,Inactive,Inactive,Inactive,Inactive,Inactive,Inactive,Inactive
36,,2016-01-06,26-296,LAC,@,POR,W (+11),Inactive,Inactive,Inactive,Inactive,Inactive,Inactive,Inactive,Inactive,Inactive,Inactive,Inactive,Inactive,Inactive,Inactive,Inactive,Inactive,Inactive,Inactive,Inactive,Inactive,Inactive,Inactive
37,,2016-01-09,26-299,LAC,,CHO,W (+14),Inactive,Inactive,Inactive,Inactive,Inactive,Inactive,Inactive,Inactive,Inactive,Inactive,Inactive,Inactive,Inactive,Inactive,Inactive,Inactive,Inactive,Inactive,Inactive,Inactive,Inactive,Inactive
38,,2016-01-10,26-300,LAC,,NOP,W (+3),Inactive,Inactive,Inactive,Inactive,Inactive,Inactive,Inactive,Inactive,Inactive,Inactive,Inactive,Inactive,Inactive,Inactive,Inactive,Inactive,Inactive,Inactive,Inactive,Inactive,Inactive,Inactive
39,,2016-01-13,26-303,LAC,,MIA,W (+14),Inactive,Inactive,Inactive,Inactive,Inactive,Inactive,Inactive,Inactive,Inactive,Inactive,Inactive,Inactive,Inactive,Inactive,Inactive,Inactive,Inactive,Inactive,Inactive,Inactive,Inactive,Inactive
40,,2016-01-16,26-306,LAC,,SAC,L (-7),Inactive,Inactive,Inactive,Inactive,Inactive,Inactive,Inactive,Inactive,Inactive,Inactive,Inactive,Inactive,Inactive,Inactive,Inactive,Inactive,Inactive,Inactive,Inactive,Inactive,Inactive,Inactive
41,,2016-01-18,26-308,LAC,,HOU,W (+8),Inactive,Inactive,Inactive,Inactive,Inactive,Inactive,Inactive,Inactive,Inactive,Inactive,Inactive,Inactive,Inactive,Inactive,Inactive,Inactive,Inactive,Inactive,Inactive,Inactive,Inactive,Inactive
42,,2016-01-21,26-311,LAC,@,CLE,L (-13),Inactive,Inactive,Inactive,Inactive,Inactive,Inactive,Inactive,Inactive,Inactive,Inactive,Inactive,Inactive,Inactive,Inactive,Inactive,Inactive,Inactive,Inactive,Inactive,Inactive,Inactive,Inactive
43,,2016-01-22,26-312,LAC,@,NYK,W (+28),Inactive,Inactive,Inactive,Inactive,Inactive,Inactive,Inactive,Inactive,Inactive,Inactive,Inactive,Inactive,Inactive,Inactive,Inactive,Inactive,Inactive,Inactive,Inactive,Inactive,Inactive,Inactive
44,,2016-01-24,26-314,LAC,@,TOR,L (-18),Inactive,Inactive,Inactive,Inactive,Inactive,Inactive,Inactive,Inactive,Inactive,Inactive,Inactive,Inactive,Inactive,Inactive,Inactive,Inactive,Inactive,Inactive,Inactive,Inactive,Inactive,Inactive
45,,2016-01-26,26-316,LAC,@,IND,W (+2),Inactive,Inactive,Inactive,Inactive,Inactive,Inactive,Inactive,Inactive,Inactive,Inactive,Inactive,Inactive,Inactive,Inactive,Inactive,Inactive,Inactive,Inactive,Inactive,Inactive,Inactive,Inactive
46,,2016-01-27,26-317,LAC,@,ATL,W (+2),Inactive,Inactive,Inactive,Inactive,Inactive,Inactive,Inactive,Inactive,Inactive,Inactive,Inactive,Inactive,Inactive,Inactive,Inactive,Inactive,Inactive,Inactive,Inactive,Inactive,Inactive,Inactive
47,,2016-01-29,26-319,LAC,,LAL,W (+12),Inactive,Inactive,Inactive,Inactive,Inactive,Inactive,Inactive,Inactive,Inactive,Inactive,Inactive,Inactive,Inactive,Inactive,Inactive,Inactive,Inactive,Inactive,Inactive,Inactive,Inactive,Inactive
48,,2016-01-31,26-321,LAC,,CHI,W (+27),Inactive,Inactive,Inactive,Inactive,Inactive,Inactive,Inactive,Inactive,Inactive,Inactive,Inactive,Inactive,Inactive,Inactive,Inactive,Inactive,Inactive,Inactive,Inactive,Inactive,Inactive,Inactive
49,,2016-02-03,26-324,LAC,,MIN,L (-6),Inactive,Inactive,Inactive,Inactive,Inactive,Inactive,Inactive,Inactive,Inactive,Inactive,Inactive,Inactive,Inactive,Inactive,Inactive,Inactive,Inactive,Inactive,Inactive,Inactive,Inactive,Inactive
50,,2016-02-05,26-326,LAC,@,ORL,W (+14),Inactive,Inactive,Inactive,Inactive,Inactive,Inactive,Inactive,Inactive,Inactive,Inactive,Inactive,Inactive,Inactive,Inactive,Inactive,Inactive,Inactive,Inactive,Inactive,Inactive,Inactive,Inactive
51,,2016-02-07,26-328,LAC,@,MIA,W (+7),Inactive,Inactive,Inactive,Inactive,Inactive,Inactive,Inactive,Inactive,Inactive,Inactive,Inactive,Inactive,Inactive,Inactive,Inactive,Inactive,Inactive,Inactive,Inactive,Inactive,Inactive,Inactive
52,,2016-02-08,26-329,LAC,@,PHI,W (+6),Inactive,Inactive,Inactive,Inactive,Inactive,Inactive,Inactive,Inactive,Inactive,Inactive,Inactive,Inactive,Inactive,Inactive,Inactive,Inactive,Inactive,Inactive,Inactive,Inactive,Inactive,Inactive
53,,2016-02-10,26-331,LAC,@,BOS,L (-5),Inactive,Inactive,Inactive,Inactive,Inactive,Inactive,Inactive,Inactive,Inactive,Inactive,Inactive,Inactive,Inactive,Inactive,Inactive,Inactive,Inactive,Inactive,Inactive,Inactive,Inactive,Inactive
54,,2016-02-18,26-339,LAC,,SAS,W (+19),Inactive,Inactive,Inactive,Inactive,Inactive,Inactive,Inactive,Inactive,Inactive,Inactive,Inactive,Inactive,Inactive,Inactive,Inactive,Inactive,Inactive,Inactive,Inactive,Inactive,Inactive,Inactive
55,,2016-02-20,26-341,LAC,,GSW,L (-3),Inactive,Inactive,Inactive,Inactive,Inactive,Inactive,Inactive,Inactive,Inactive,Inactive,Inactive,Inactive,Inactive,Inactive,Inactive,Inactive,Inactive,Inactive,Inactive,Inactive,Inactive,Inactive
56,,2016-02-22,26-343,LAC,,PHO,W (+40),Inactive,Inactive,Inactive,Inactive,Inactive,Inactive,Inactive,Inactive,Inactive,Inactive,Inactive,Inactive,Inactive,Inactive,Inactive,Inactive,Inactive,Inactive,Inactive,Inactive,Inactive,Inactive
57,,2016-02-24,26-345,LAC,,DEN,L (-6),Inactive,Inactive,Inactive,Inactive,Inactive,Inactive,Inactive,Inactive,Inactive,Inactive,Inactive,Inactive,Inactive,Inactive,Inactive,Inactive,Inactive,Inactive,Inactive,Inactive,Inactive,Inactive
58,,2016-02-26,26-347,LAC,@,SAC,W (+10),Inactive,Inactive,Inactive,Inactive,Inactive,Inactive,Inactive,Inactive,Inactive,Inactive,Inactive,Inactive,Inactive,Inactive,Inactive,Inactive,Inactive,Inactive,Inactive,Inactive,Inactive,Inactive
59,,2016-02-29,26-350,LAC,,BRK,W (+10),Inactive,Inactive,Inactive,Inactive,Inactive,Inactive,Inactive,Inactive,Inactive,Inactive,Inactive,Inactive,Inactive,Inactive,Inactive,Inactive,Inactive,Inactive,Inactive,Inactive,Inactive,Inactive
60,,2016-03-02,26-352,LAC,,OKC,W (+5),Inactive,Inactive,Inactive,Inactive,Inactive,Inactive,Inactive,Inactive,Inactive,Inactive,Inactive,Inactive,Inactive,Inactive,Inactive,Inactive,Inactive,Inactive,Inactive,Inactive,Inactive,Inactive
61,,2016-03-05,26-355,LAC,,ATL,L (-10),Inactive,Inactive,Inactive,Inactive,Inactive,Inactive,Inactive,Inactive,Inactive,Inactive,Inactive,Inactive,Inactive,Inactive,Inactive,Inactive,Inactive,Inactive,Inactive,Inactive,Inactive,Inactive
62,,2016-03-07,26-357,LAC,@,DAL,W (+19),Inactive,Inactive,Inactive,Inactive,Inactive,Inactive,Inactive,Inactive,Inactive,Inactive,Inactive,Inactive,Inactive,Inactive,Inactive,Inactive,Inactive,Inactive,Inactive,Inactive,Inactive,Inactive
63,,2016-03-09,26-359,LAC,@,OKC,L (-12),Inactive,Inactive,Inactive,Inactive,Inactive,Inactive,Inactive,Inactive,Inactive,Inactive,Inactive,Inactive,Inactive,Inactive,Inactive,Inactive,Inactive,Inactive,Inactive,Inactive,Inactive,Inactive
64,,2016-03-11,26-361,LAC,,NYK,W (+7),Inactive,Inactive,Inactive,Inactive,Inactive,Inactive,Inactive,Inactive,Inactive,Inactive,Inactive,Inactive,Inactive,Inactive,Inactive,Inactive,Inactive,Inactive,Inactive,Inactive,Inactive,Inactive
65,,2016-03-13,26-363,LAC,,CLE,L (-24),Inactive,Inactive,Inactive,Inactive,Inactive,Inactive,Inactive,Inactive,Inactive,Inactive,Inactive,Inactive,Inactive,Inactive,Inactive,Inactive,Inactive,Inactive,Inactive,Inactive,Inactive,Inactive
66,,2016-03-15,26-365,LAC,@,SAS,L (-21),Inactive,Inactive,Inactive,Inactive,Inactive,Inactive,Inactive,Inactive,Inactive,Inactive,Inactive,Inactive,Inactive,Inactive,Inactive,Inactive,Inactive,Inactive,Inactive,Inactive,Inactive,Inactive
67,,2016-03-16,27-000,LAC,@,HOU,W (+16),Inactive,Inactive,Inactive,Inactive,Inactive,Inactive,Inactive,Inactive,Inactive,Inactive,Inactive,Inactive,Inactive,Inactive,Inactive,Inactive,Inactive,Inactive,Inactive,Inactive,Inactive,Inactive
68,,2016-03-19,27-003,LAC,@,MEM,L (-11),Inactive,Inactive,Inactive,Inactive,Inactive,Inactive,Inactive,Inactive,Inactive,Inactive,Inactive,Inactive,Inactive,Inactive,Inactive,Inactive,Inactive,Inactive,Inactive,Inactive,Inactive,Inactive
69,,2016-03-20,27-004,LAC,@,NOP,L (-4),Inactive,Inactive,Inactive,Inactive,Inactive,Inactive,Inactive,Inactive,Inactive,Inactive,Inactive,Inactive,Inactive,Inactive,Inactive,Inactive,Inactive,Inactive,Inactive,Inactive,Inactive,Inactive
70,,2016-03-23,27-007,LAC,@,GSW,L (-16),Inactive,Inactive,Inactive,Inactive,Inactive,Inactive,Inactive,Inactive,Inactive,Inactive,Inactive,Inactive,Inactive,Inactive,Inactive,Inactive,Inactive,Inactive,Inactive,Inactive,Inactive,Inactive
71,,2016-03-24,27-008,LAC,,POR,W (+2),Inactive,Inactive,Inactive,Inactive,Inactive,Inactive,Inactive,Inactive,Inactive,Inactive,Inactive,Inactive,Inactive,Inactive,Inactive,Inactive,Inactive,Inactive,Inactive,Inactive,Inactive,Inactive
72,,2016-03-27,27-011,LAC,,DEN,W (+15),Player Suspended,Player Suspended,Player Suspended,Player Suspended,Player Suspended,Player Suspended,Player Suspended,Player Suspended,Player Suspended,Player Suspended,Player Suspended,Player Suspended,Player Suspended,Player Suspended,Player Suspended,Player Suspended,Player Suspended,Player Suspended,Player Suspended,Player Suspended,Player Suspended,Player Suspended
73,,2016-03-28,27-012,LAC,,BOS,W (+24),Inactive,Inactive,Inactive,Inactive,Inactive,Inactive,Inactive,Inactive,Inactive,Inactive,Inactive,Inactive,Inactive,Inactive,Inactive,Inactive,Inactive,Inactive,Inactive,Inactive,Inactive,Inactive
74,,2016-03-30,27-014,LAC,@,MIN,W (+20),Inactive,Inactive,Inactive,Inactive,Inactive,Inactive,Inactive,Inactive,Inactive,Inactive,Inactive,Inactive,Inactive,Inactive,Inactive,Inactive,Inactive,Inactive,Inactive,Inactive,Inactive,Inactive
75,,2016-03-31,27-015,LAC,@,OKC,L (-2),Inactive,Inactive,Inactive,Inactive,Inactive,Inactive,Inactive,Inactive,Inactive,Inactive,Inactive,Inactive,Inactive,Inactive,Inactive,Inactive,Inactive,Inactive,Inactive,Inactive,Inactive,Inactive
76,31,2016-04-03,27-018,LAC,,WAS,W (+5),1,24:32,2,7,.286,0,0,,2,2,1.000,0,5,5,4,0,0,1,2,6,4.4,+22
77,32,2016-04-05,27-020,LAC,,LAL,W (+22),1,16:48,1,5,.200,0,1,.000,2,2,1.000,0,3,3,3,1,0,4,0,4,0.9,+28
78,33,2016-04-06,27-021,LAC,@,LAL,W (+10),1,24:48,5,10,.500,0,0,,3,4,.750,0,8,8,3,1,0,1,0,13,12.1,+12
79,,2016-04-08,27-023,LAC,@,UTA,W (+3),Did Not Play,Did Not Play,Did Not Play,Did Not Play,Did Not Play,Did Not Play,Did Not Play,Did Not Play,Did Not Play,Did Not Play,Did Not Play,Did Not Play,Did Not Play,Did Not Play,Did Not Play,Did Not Play,Did Not Play,Did Not Play,Did Not Play,Did Not Play,Did Not Play,Did Not Play
80,34,2016-04-10,27-025,LAC,,DAL,W (+7),1,33:18,7,18,.389,0,0,,3,5,.600,2,9,11,7,2,0,4,5,17,11.4,-1
81,35,2016-04-12,27-027,LAC,,MEM,W (+26),1,23:16,5,10,.500,0,0,,2,3,.667,0,7,7,4,3,0,2,3,12,11.3,+12
82,,2016-04-13,27-028,LAC,@,PHO,L (-9),Did Not Play,Did Not Play,Did Not Play,Did Not Play,Did Not Play,Did Not Play,Did Not Play,Did Not Play,Did Not Play,Did Not Play,Did Not Play,Did Not Play,Did Not Play,Did Not Play,Did Not Play,Did Not Play,Did Not Play,Did Not Play,Did Not Play,Did Not Play,Did Not Play,Did Not Play
1,1,2016-10-27,27-225,LAC,@,POR,W (+8),1,36:33,9,22,.409,1,3,.333,8,9,.889,5,8,13,2,3,1,1,5,27,22.8,-10
2,2,2016-10-30,27-228,LAC,,UTA,W (+13),1,29:47,7,14,.500,0,1,.000,4,6,.667,3,7,10,1,1,0,2,2,18,13.3,+12
3,3,2016-10-31,27-229,LAC,,PHO,W (+18),1,31:30,4,7,.571,1,1,1.000,12,14,.857,0,11,11,5,0,1,5,5,21,17.4,+18
4,4,2016-11-02,27-231,LAC,,OKC,L (-2),1,34:00,7,21,.333,0,2,.000,0,3,.000,3,6,9,5,2,1,2,4,14,7.4,-4
5,5,2016-11-04,27-233,LAC,@,MEM,W (+11),1,35:31,5,13,.385,0,0,,4,6,.667,2,8,10,2,1,0,2,3,14,9.1,+8
6,6,2016-11-05,27-234,LAC,@,SAS,W (+24),1,29:09,13,19,.684,0,2,.000,2,3,.667,1,4,5,3,1,0,0,2,28,23.7,+25
7,7,2016-11-07,27-236,LAC,,DET,W (+32),1,27:52,5,11,.455,0,1,.000,3,4,.750,1,9,10,9,0,0,1,2,13,14.8,+27
8,8,2016-11-09,27-238,LAC,,POR,W (+31),1,26:21,7,14,.500,0,1,.000,8,10,.800,4,9,13,5,2,1,0,0,22,25.9,+34
9,9,2016-11-11,27-240,LAC,@,OKC,W (+2),1,36:13,10,20,.500,0,1,.000,5,7,.714,2,4,6,3,2,0,3,1,25,17.5,+6
10,10,2016-11-12,27-241,LAC,@,MIN,W (+14),1,36:41,7,17,.412,0,0,,6,8,.750,1,10,11,4,0,1,2,3,20,14.1,+27
11,11,2016-11-14,27-243,LAC,,BRK,W (+32),1,25:40,9,15,.600,0,1,.000,2,3,.667,1,5,6,6,2,0,1,3,20,18.9,+37
12,12,2016-11-16,27-245,LAC,,MEM,L (-4),1,37:57,8,15,.533,0,1,.000,9,12,.750,1,7,8,3,1,2,0,2,25,23.0,+8
13,13,2016-11-18,27-247,LAC,@,SAC,W (+6),1,36:47,7,15,.467,0,1,.000,15,16,.938,2,5,7,6,2,1,2,4,29,27.1,+9
14,14,2016-11-19,27-248,LAC,,CHI,W (+7),1,38:48,8,15,.533,0,0,,10,10,1.000,2,11,13,5,1,0,3,3,26,23.7,+13
15,15,2016-11-21,27-250,LAC,,TOR,W (+8),1,35:53,10,17,.588,0,0,,6,8,.750,1,6,7,7,1,1,0,5,26,24.4,+9
16,16,2016-11-23,27-252,LAC,@,DAL,W (+20),1,26:06,4,10,.400,1,1,1.000,3,6,.500,0,6,6,7,2,0,4,2,12,9.3,+14
17,17,2016-11-25,27-254,LAC,@,DET,L (-11),1,36:12,9,17,.529,1,1,1.000,5,8,.625,2,1,3,5,1,1,1,0,24,20.4,-9
18,18,2016-11-27,27-256,LAC,@,IND,L (-21),1,34:08,6,15,.400,0,1,.000,4,4,1.000,3,6,9,3,0,0,3,1,16,10.5,-14
19,,2016-11-29,27-258,LAC,@,BRK,L (-5),Did Not Dress,Did Not Dress,Did Not Dress,Did Not Dress,Did Not Dress,Did Not Dress,Did Not Dress,Did Not Dress,Did Not Dress,Did Not Dress,Did Not Dress,Did Not Dress,Did Not Dress,Did Not Dress,Did Not Dress,Did Not Dress,Did Not Dress,Did Not Dress,Did Not Dress,Did Not Dress,Did Not Dress,Did Not Dress
20,19,2016-12-01,27-260,LAC,@,CLE,W (+19),1,30:32,4,14,.286,0,1,.000,5,8,.625,2,3,5,11,1,0,3,0,13,11.6,+19
21,20,2016-12-02,27-261,LAC,@,NOP,W (+18),1,33:46,12,22,.545,1,2,.500,2,3,.667,1,8,9,4,0,0,2,4,27,18.3,+25
22,21,2016-12-04,27-263,LAC,,IND,L (-9),1,34:22,10,21,.476,0,0,,4,7,.571,4,12,16,5,1,2,3,3,24,20.2,+9
23,22,2016-12-07,27-266,LAC,,GSW,L (-17),1,30:54,5,20,.250,0,1,.000,2,4,.500,4,5,9,2,1,0,7,4,12,-2.7,-12
24,,2016-12-10,27-269,LAC,,NOP,W (+28),Did Not Dress,Did Not Dress,Did Not Dress,Did Not Dress,Did Not Dress,Did Not Dress,Did Not Dress,Did Not Dress,Did Not Dress,Did Not Dress,Did Not Dress,Did Not Dress,Did Not Dress,Did Not Dress,Did Not Dress,Did Not Dress,Did Not Dress,Did Not Dress,Did Not Dress,Did Not Dress,Did Not Dress,Did Not Dress
25,23,2016-12-12,27-271,LAC,,POR,W (+1),1,40:00,12,25,.480,0,0,,2,3,.667,4,8,12,6,0,1,5,3,26,16.8,+1
26,24,2016-12-14,27-273,LAC,@,ORL,W (+5),1,33:24,9,14,.643,0,0,,5,7,.714,1,6,7,3,0,0,4,4,23,15.0,-1
27,25,2016-12-16,27-275,LAC,@,MIA,W (+4),1,38:21,9,15,.600,0,0,,2,2,1.000,2,6,8,4,1,0,5,3,20,13.9,-2
28,26,2016-12-18,27-277,LAC,@,WAS,L (-7),1,38:21,10,21,.476,0,0,,6,8,.750,1,6,7,7,1,0,2,1,26,20.5,-5
29,,2016-12-20,27-279,LAC,,DEN,W (+17),Inactive,Inactive,Inactive,Inactive,Inactive,Inactive,Inactive,Inactive,Inactive,Inactive,Inactive,Inactive,Inactive,Inactive,Inactive,Inactive,Inactive,Inactive,Inactive,Inactive,Inactive,Inactive
30,,2016-12-22,27-281,LAC,,SAS,W (+5),Inactive,Inactive,Inactive,Inactive,Inactive,Inactive,Inactive,Inactive,Inactive,Inactive,Inactive,Inactive,Inactive,Inactive,Inactive,Inactive,Inactive,Inactive,Inactive,Inactive,Inactive,Inactive
31,,2016-12-23,27-282,LAC,,DAL,L (-2),Inactive,Inactive,Inactive,Inactive,Inactive,Inactive,Inactive,Inactive,Inactive,Inactive,Inactive,Inactive,Inactive,Inactive,Inactive,Inactive,Inactive,Inactive,Inactive,Inactive,Inactive,Inactive
32,,2016-12-25,27-284,LAC,@,LAL,L (-9),Inactive,Inactive,Inactive,Inactive,Inactive,Inactive,Inactive,Inactive,Inactive,Inactive,Inactive,Inactive,Inactive,Inactive,Inactive,Inactive,Inactive,Inactive,Inactive,Inactive,Inactive,Inactive
33,,2016-12-26,27-285,LAC,,DEN,L (-4),Inactive,Inactive,Inactive,Inactive,Inactive,Inactive,Inactive,Inactive,Inactive,Inactive,Inactive,Inactive,Inactive,Inactive,Inactive,Inactive,Inactive,Inactive,Inactive,Inactive,Inactive,Inactive
34,,2016-12-28,27-287,LAC,@,NOP,L (-4),Inactive,Inactive,Inactive,Inactive,Inactive,Inactive,Inactive,Inactive,Inactive,Inactive,Inactive,Inactive,Inactive,Inactive,Inactive,Inactive,Inactive,Inactive,Inactive,Inactive,Inactive,Inactive
35,,2016-12-30,27-289,LAC,@,HOU,L (-24),Inactive,Inactive,Inactive,Inactive,Inactive,Inactive,Inactive,Inactive,Inactive,Inactive,Inactive,Inactive,Inactive,Inactive,Inactive,Inactive,Inactive,Inactive,Inactive,Inactive,Inactive,Inactive
36,,2016-12-31,27-290,LAC,@,OKC,L (-26),Inactive,Inactive,Inactive,Inactive,Inactive,Inactive,Inactive,Inactive,Inactive,Inactive,Inactive,Inactive,Inactive,Inactive,Inactive,Inactive,Inactive,Inactive,Inactive,Inactive,Inactive,Inactive
37,,2017-01-02,27-292,LAC,,PHO,W (+11),Inactive,Inactive,Inactive,Inactive,Inactive,Inactive,Inactive,Inactive,Inactive,Inactive,Inactive,Inactive,Inactive,Inactive,Inactive,Inactive,Inactive,Inactive,Inactive,Inactive,Inactive,Inactive
38,,2017-01-04,27-294,LAC,,MEM,W (+9),Inactive,Inactive,Inactive,Inactive,Inactive,Inactive,Inactive,Inactive,Inactive,Inactive,Inactive,Inactive,Inactive,Inactive,Inactive,Inactive,Inactive,Inactive,Inactive,Inactive,Inactive,Inactive
39,,2017-01-06,27-296,LAC,@,SAC,W (+8),Inactive,Inactive,Inactive,Inactive,Inactive,Inactive,Inactive,Inactive,Inactive,Inactive,Inactive,Inactive,Inactive,Inactive,Inactive,Inactive,Inactive,Inactive,Inactive,Inactive,Inactive,Inactive
40,,2017-01-08,27-298,LAC,,MIA,W (+12),Inactive,Inactive,Inactive,Inactive,Inactive,Inactive,Inactive,Inactive,Inactive,Inactive,Inactive,Inactive,Inactive,Inactive,Inactive,Inactive,Inactive,Inactive,Inactive,Inactive,Inactive,Inactive
41,,2017-01-11,27-301,LAC,,ORL,W (+9),Inactive,Inactive,Inactive,Inactive,Inactive,Inactive,Inactive,Inactive,Inactive,Inactive,Inactive,Inactive,Inactive,Inactive,Inactive,Inactive,Inactive,Inactive,Inactive,Inactive,Inactive,Inactive
42,,2017-01-14,27-304,LAC,,LAL,W (+16),Inactive,Inactive,Inactive,Inactive,Inactive,Inactive,Inactive,Inactive,Inactive,Inactive,Inactive,Inactive,Inactive,Inactive,Inactive,Inactive,Inactive,Inactive,Inactive,Inactive,Inactive,Inactive
43,,2017-01-16,27-306,LAC,,OKC,W (+22),Inactive,Inactive,Inactive,Inactive,Inactive,Inactive,Inactive,Inactive,Inactive,Inactive,Inactive,Inactive,Inactive,Inactive,Inactive,Inactive,Inactive,Inactive,Inactive,Inactive,Inactive,Inactive
44,,2017-01-19,27-309,LAC,,MIN,L (-3),Inactive,Inactive,Inactive,Inactive,Inactive,Inactive,Inactive,Inactive,Inactive,Inactive,Inactive,Inactive,Inactive,Inactive,Inactive,Inactive,Inactive,Inactive,Inactive,Inactive,Inactive,Inactive
45,,2017-01-21,27-311,LAC,@,DEN,L (-25),Inactive,Inactive,Inactive,Inactive,Inactive,Inactive,Inactive,Inactive,Inactive,Inactive,Inactive,Inactive,Inactive,Inactive,Inactive,Inactive,Inactive,Inactive,Inactive,Inactive,Inactive,Inactive
46,,2017-01-23,27-313,LAC,@,ATL,W (+10),Inactive,Inactive,Inactive,Inactive,Inactive,Inactive,Inactive,Inactive,Inactive,Inactive,Inactive,Inactive,Inactive,Inactive,Inactive,Inactive,Inactive,Inactive,Inactive,Inactive,Inactive,Inactive
47,27,2017-01-24,27-314,LAC,@,PHI,L (-11),1,29:28,3,11,.273,0,0,,6,10,.600,2,9,11,5,1,0,6,2,12,5.7,+3
48,28,2017-01-28,27-318,LAC,@,GSW,L (-46),1,22:44,9,14,.643,0,1,.000,2,3,.667,2,2,4,2,1,0,2,4,20,14.2,-34
49,29,2017-02-01,27-322,LAC,@,PHO,W (+10),1,34:04,10,14,.714,0,0,,9,10,.900,1,7,8,5,1,1,1,1,29,29.4,+11
50,30,2017-02-02,27-323,LAC,,GSW,L (-13),1,30:11,10,19,.526,0,0,,11,13,.846,5,3,8,2,3,1,3,2,31,26.6,-11
51,31,2017-02-05,27-326,LAC,@,BOS,L (-5),1,36:58,9,19,.474,0,1,.000,5,6,.833,0,8,8,4,1,0,4,2,23,14.3,-8
52,32,2017-02-06,27-327,LAC,@,TOR,L (-9),1,36:50,11,19,.579,2,3,.667,2,3,.667,4,7,11,11,1,0,2,3,26,27.1,-1
53,33,2017-02-08,27-329,LAC,@,NYK,W (+4),1,35:35,11,23,.478,2,3,.667,8,11,.727,3,5,8,5,2,0,0,2,32,27.4,+5
54,34,2017-02-11,27-332,LAC,@,CHO,W (+5),1,34:33,8,19,.421,0,2,.000,4,5,.800,4,8,12,8,0,1,1,3,20,18.8,+5
55,35,2017-02-13,27-334,LAC,@,UTA,W (+16),1,33:33,11,18,.611,1,1,1.000,3,4,.750,2,8,10,6,0,2,0,1,26,26.4,+23
56,36,2017-02-15,27-336,LAC,,ATL,W (+15),1,29:17,6,15,.400,1,3,.333,4,4,1.000,1,4,5,9,1,2,4,2,17,14.7,+16
57,37,2017-02-23,27-344,LAC,@,GSW,L (-10),1,34:50,3,13,.231,1,2,.500,5,9,.556,0,5,5,8,1,0,2,2,12,7.8,-15
58,38,2017-02-24,27-345,LAC,,SAS,L (-8),1,38:29,9,17,.529,0,2,.000,11,11,1.000,2,7,9,5,1,0,3,5,29,23.7,-4
59,39,2017-02-26,27-347,LAC,,CHO,W (+3),1,42:19,15,26,.577,3,4,.750,10,16,.625,4,6,10,5,2,0,1,4,43,35.9,+16
60,40,2017-03-01,27-350,LAC,,HOU,L (-19),1,34:37,7,17,.412,1,4,.250,2,5,.400,3,1,4,5,0,0,3,4,17,8.0,-12
61,41,2017-03-03,27-352,LAC,@,MIL,L (-11),1,38:05,6,9,.667,0,1,.000,9,13,.692,0,9,9,8,0,0,5,2,21,18.0,-8
62,42,2017-03-04,27-353,LAC,@,CHI,W (+10),1,34:29,5,15,.333,0,3,.000,6,6,1.000,1,5,6,7,0,0,3,1,16,11.2,+11
63,43,2017-03-06,27-355,LAC,,BOS,W (+14),1,35:46,8,15,.533,1,3,.333,9,10,.900,2,6,8,3,0,0,1,4,26,21.0,+6
64,44,2017-03-08,27-357,LAC,@,MIN,L (-16),1,35:50,5,11,.455,2,4,.500,4,4,1.000,0,4,4,2,0,0,6,4,16,5.3,-19
65,45,2017-03-09,27-358,LAC,@,MEM,W (+16),1,30:25,4,13,.308,0,2,.000,6,8,.750,3,9,12,8,0,1,2,3,14,13.6,+19
66,46,2017-03-11,27-360,LAC,,PHI,W (+12),1,35:14,5,12,.417,0,2,.000,5,5,1.000,3,7,10,6,3,0,4,2,15,15.2,+8
67,47,2017-03-13,27-362,LAC,@,UTA,L (-6),1,36:36,3,8,.375,1,2,.500,1,2,.500,1,8,9,5,0,0,0,2,8,9.0,-2
68,48,2017-03-15,27-364,LAC,,MIL,L (-1),1,37:29,6,12,.500,1,4,.250,5,8,.625,2,5,7,4,0,0,1,0,18,15.5,0
69,,2017-03-16,28-000,LAC,@,DEN,L (-15),Not With Team,Not With Team,Not With Team,Not With Team,Not With Team,Not With Team,Not With Team,Not With Team,Not With Team,Not With Team,Not With Team,Not With Team,Not With Team,Not With Team,Not With Team,Not With Team,Not With Team,Not With Team,Not With Team,Not With Team,Not With Team,Not With Team
70,49,2017-03-18,28-002,LAC,,CLE,W (+30),1,31:06,10,17,.588,1,2,.500,2,4,.500,1,7,8,4,0,0,0,1,23,19.5,+16
71,50,2017-03-20,28-004,LAC,,NYK,W (+9),1,30:51,12,19,.632,3,4,.750,3,7,.429,3,3,6,2,1,1,1,3,30,23.8,+21
72,51,2017-03-21,28-005,LAC,@,LAL,W (+24),1,25:58,2,9,.222,1,4,.250,7,8,.875,1,2,3,8,0,0,4,2,12,8.2,+17
73,52,2017-03-23,28-007,LAC,@,DAL,L (-2),1,38:34,9,23,.391,1,3,.333,2,4,.500,0,5,5,2,1,0,4,1,21,7.2,-1
74,53,2017-03-25,28-009,LAC,,UTA,W (+13),1,32:35,6,16,.375,1,5,.200,2,2,1.000,0,6,6,1,3,0,0,2,15,10.9,+2
75,54,2017-03-26,28-010,LAC,,SAC,L (-1),1,32:04,6,11,.545,2,4,.500,3,4,.750,0,6,6,4,1,0,3,1,17,13.5,+11
76,55,2017-03-29,28-013,LAC,,WAS,W (+9),1,39:59,10,16,.625,0,2,.000,6,8,.750,1,9,10,9,2,0,2,3,26,26.5,+21
77,56,2017-03-30,28-014,LAC,@,PHO,W (+6),1,38:12,12,19,.632,2,2,1.000,5,7,.714,0,7,7,2,2,0,3,4,31,22.6,+7